	15.0	16.0	17.0	18.0	19.0	20.0	21.0	22.0	23.0	24.0	25.0	26.0	27.0	28.0	29.0	30.0	31.0	32.0	33.0	34.0	35.0	36.0	37.0
17_1	3.0	4.0	11.0	39.0	119.0	392.0	1117.0	2977.0	7770.0	17233.0	37984.0	73760.0	134354.0	216452.0	345559.0	489141.0	680052.0	891509.0	1221129.0	1810610.0	4018024.0	24457399.0	28051632.0
	11.0	12.0	13.0	14.0	15.0	16.0	17.0	18.0	19.0	20.0	21.0	22.0	23.0	24.0	25.0	26.0	27.0	28.0	29.0	30.0	31.0	32.0	33.0	34.0	35.0	36.0	37.0
17_2	14.0	127.0	543.0	1938.0	4902.0	9790.0	16562.0	25225.0	37230.0	51320.0	68823.0	83066.0	98303.0	107919.0	129136.0	152822.0	194585.0	241616.0	319337.0	402539.0	543066.0	738316.0	1124748.0	1994339.0	5784022.0	29462583.0	20864399.0
	16.0	17.0	18.0	19.0	20.0	21.0	22.0	23.0	24.0	25.0	26.0	27.0	28.0	29.0	30.0	31.0	32.0	33.0	34.0	35.0	36.0	37.0
20_1	3.0	7.0	36.0	121.0	369.0	1066.0	2926.0	7869.0	17947.0	40378.0	79525.0	148196.0	243005.0	387808.0	546418.0	755187.0	985647.0	1341021.0	1952522.0	4347276.0	29209881.0	37570651.0
	10.0	11.0	12.0	13.0	14.0	15.0	16.0	17.0	18.0	19.0	20.0	21.0	22.0	23.0	24.0	25.0	26.0	27.0	28.0	29.0	30.0	31.0	32.0	33.0	34.0	35.0	36.0	37.0
20_2	1.0	44.0	448.0	2064.0	6504.0	15886.0	29869.0	49923.0	75423.0	109761.0	148610.0	192698.0	215868.0	230651.0	216117.0	221930.0	228929.0	263244.0	305359.0	385516.0	474235.0	625842.0	834741.0	1247305.0	2173065.0	6423511.0	36109448.0	27050867.0
	10.0	11.0	12.0	13.0	14.0	15.0	16.0	17.0	18.0	19.0	20.0	21.0	22.0	23.0	24.0	25.0	26.0	27.0	28.0	29.0	30.0	31.0	32.0	33.0	34.0	35.0	36.0	37.0	38.0	39.0	40.0
26	2.0	9.0	70.0	861.0	7897.0	38163.0	88160.0	115466.0	95675.0	79914.0	86352.0	111957.0	144242.0	189714.0	236210.0	290013.0	345256.0	398203.0	464522.0	529873.0	629754.0	718501.0	895071.0	1066763.0	1473544.0	1975984.0	2981861.0	5118415.0	8876390.0	55813828.0	101307273.0
	10.0	11.0	12.0	13.0	14.0	15.0	16.0	17.0	18.0	19.0	20.0	21.0	22.0	23.0	24.0	25.0	26.0	27.0	28.0	29.0	30.0	31.0	32.0	33.0	34.0	35.0	36.0	37.0	38.0	39.0	40.0
27	1.0	10.0	79.0	1120.0	9712.0	47125.0	111263.0	147485.0	126208.0	113976.0	134184.0	179475.0	235470.0	298840.0	373963.0	444502.0	536373.0	614290.0	720356.0	810500.0	959249.0	1103485.0	1359649.0	1605780.0	2173329.0	2859914.0	4197223.0	7210303.0	12471042.0	69408653.0	109674785.0
	10.0	11.0	12.0	13.0	14.0	15.0	16.0	17.0	18.0	19.0	20.0	21.0	22.0	23.0	24.0	25.0	26.0	27.0	28.0	29.0	30.0	31.0	32.0	33.0	34.0	35.0	36.0	37.0	38.0	39.0	40.0
28	2.0	18.0	119.0	1061.0	8906.0	41463.0	97729.0	129480.0	109090.0	89539.0	92979.0	118686.0	149460.0	197419.0	243688.0	299974.0	355127.0	407196.0	472720.0	538125.0	638307.0	731237.0	912020.0	1090081.0	1509939.0	2043902.0	3121044.0	5354598.0	9328001.0	60522407.0	116993246.0
	10.0	11.0	12.0	13.0	14.0	15.0	16.0	17.0	18.0	19.0	20.0	21.0	22.0	23.0	24.0	25.0	26.0	27.0	28.0	29.0	30.0	31.0	32.0	33.0	34.0	35.0	36.0	37.0	38.0	39.0	40.0
29	2.0	34.0	181.0	1171.0	8661.0	39885.0	93046.0	123208.0	102088.0	85550.0	92515.0	119836.0	154508.0	204309.0	251790.0	309017.0	364383.0	418074.0	484384.0	550685.0	651482.0	745323.0	925637.0	1099239.0	1513851.0	2030400.0	3079316.0	5281792.0	9211376.0	59022419.0	110465571.0
	15.0	16.0	17.0	18.0	19.0	20.0	21.0	22.0	23.0	24.0	25.0	26.0	27.0	28.0	29.0	30.0	31.0	32.0	33.0	34.0	35.0	36.0	37.0
2_1	1.0	1.0	15.0	44.0	145.0	450.0	1242.0	3429.0	9471.0	21671.0	46992.0	89409.0	159463.0	249184.0	383816.0	524553.0	713271.0	918540.0	1231647.0	1764900.0	3903475.0	27494032.0	36518378.0
	11.0	12.0	13.0	14.0	15.0	16.0	17.0	18.0	19.0	20.0	21.0	22.0	23.0	24.0	25.0	26.0	27.0	28.0	29.0	30.0	31.0	32.0	33.0	34.0	35.0	36.0	37.0
2_2	13.0	165.0	903.0	3347.0	9213.0	17420.0	29456.0	45333.0	68471.0	95488.0	126770.0	143435.0	154301.0	150501.0	162364.0	176698.0	208737.0	246319.0	317924.0	395135.0	529834.0	715522.0	1068261.0	1848905.0	5428161.0	33430472.0	28660981.0
	10.0	11.0	12.0	13.0	14.0	15.0	16.0	17.0	18.0	19.0	20.0	21.0	22.0	23.0	24.0	25.0	26.0	27.0	28.0	29.0	30.0	31.0	32.0	33.0	34.0	35.0	36.0	37.0	38.0	39.0	40.0
30	2.0	12.0	69.0	989.0	9102.0	46021.0	107372.0	140252.0	117236.0	99402.0	107231.0	139718.0	182302.0	240216.0	300335.0	368788.0	441482.0	510400.0	600024.0	692613.0	825249.0	944885.0	1167562.0	1382244.0	1891493.0	2521990.0	3789847.0	6469512.0	11164872.0	72202930.0	129158809.0
	10.0	11.0	12.0	13.0	14.0	15.0	16.0	17.0	18.0	19.0	20.0	21.0	22.0	23.0	24.0	25.0	26.0	27.0	28.0	29.0	30.0	31.0	32.0	33.0	34.0	35.0	36.0	37.0	38.0	39.0	40.0
31	1.0	17.0	136.0	1609.0	13141.0	61416.0	138449.0	181653.0	153223.0	127508.0	134686.0	174561.0	223631.0	297238.0	365039.0	446370.0	520684.0	598700.0	688927.0	789512.0	930273.0	1059852.0	1302047.0	1525629.0	2070144.0	2712527.0	4069642.0	6918874.0	11910565.0	78712319.0	138206166.0
	11.0	12.0	13.0	14.0	15.0	16.0	17.0	18.0	19.0	20.0	21.0	22.0	23.0	24.0	25.0	26.0	27.0	28.0	29.0	30.0	31.0	32.0	33.0	34.0	35.0	36.0	37.0	38.0	39.0	40.0
32	2.0	49.0	731.0	7547.0	39615.0	93926.0	123007.0	103507.0	98484.0	122795.0	171077.0	232987.0	304415.0	389285.0	465624.0	564341.0	648368.0	763005.0	863966.0	1026275.0	1177376.0	1455495.0	1713552.0	2309742.0	3023281.0	4385308.0	7533188.0	12978860.0	68719706.0	100711970.0
	11.0	12.0	13.0	14.0	15.0	16.0	17.0	18.0	19.0	20.0	21.0	22.0	23.0	24.0	25.0	26.0	27.0	28.0	29.0	30.0	31.0	32.0	33.0	34.0	35.0	36.0	37.0	38.0	39.0	40.0
33	4.0	46.0	824.0	8428.0	41894.0	99508.0	133953.0	114228.0	100507.0	111196.0	149699.0	200362.0	268117.0	336772.0	415231.0	500770.0	580584.0	685811.0	789230.0	940104.0	1079398.0	1330235.0	1565787.0	2106572.0	2759117.0	4058009.0	6867843.0	11641622.0	71131433.0	120755050.0
	16.0	17.0	18.0	19.0	20.0	21.0	22.0	23.0	24.0	25.0	26.0	27.0	28.0	29.0	30.0	31.0	32.0	33.0	34.0	35.0	36.0	37.0
5_1	2.0	8.0	40.0	130.0	363.0	1174.0	2997.0	8035.0	18631.0	39755.0	75380.0	133622.0	210429.0	326929.0	452482.0	623571.0	814004.0	1109872.0	1630613.0	3633523.0	23464134.0	27092007.0
	11.0	12.0	13.0	14.0	15.0	16.0	17.0	18.0	19.0	20.0	21.0	22.0	23.0	24.0	25.0	26.0	27.0	28.0	29.0	30.0	31.0	32.0	33.0	34.0	35.0	36.0	37.0
5_2	9.0	174.0	801.0	2549.0	6545.0	12274.0	20571.0	31726.0	47541.0	67168.0	87993.0	102927.0	116121.0	119484.0	134450.0	151582.0	183885.0	220873.0	286966.0	358271.0	480069.0	646859.0	973233.0	1699192.0	4929357.0	27405565.0	21551516.0

