	1	2	3	4	5	6	7	8	9	10	11	12	13	14	15	16	17	18	19	20	21	22	23	24	25	26	27	28	29	30	31	32	33	34	35	36	37	38	39	40	41	42	43	44	45	46	47	48	49	50	51
17_1	9.446458354647905e-05	0.039703944792976065	0.0007300991541897364	0.0	0.0	0.0	0.0	0.0	0.0	0.0	0.0	0.0	0.0	0.0	0.0	0.0	0.0	0.0	0.0	0.0	0.0	0.0	0.0	0.0	0.0	0.0	0.0	8.008658577238098e-06	0.0	0.0003732805344838961	0.0	0.0011537030872678	9.294598170242969e-05	0.0012052035496642186	3.205556794236127e-06	0.0013287769374461347	0.00013304577279516904	0.0013770392223572561	3.2065166679546174e-05	0.0012988824383429326	3.368297436959827e-05	0.0030211828397713196	0.00523525716194655	0.0009022840357071361	3.2133654924809574e-06	0.007308090822763538	1.9417408489879987e-05	4.9491170552463175e-06	1.765582608361573e-06	0.008271646200645797	0.0
	1	2	3	4	5	6	7	8	9	10	11	12	13	14	15	16	17	18	19	20	21	22	23	24	25	26	27	28	29	30	31	32	33	34	35	36	37	38	39	40	41	42	43	44	45	46	47	48	49	50	51
17_2	0.011111596776484147	0.0	0.0025857678377553166	0.0037593702062225904	0.0	0.002989243686123329	0.0	0.0012712691412865148	0.008303276784271871	0.0	0.0	0.0011768045577400356	0.0015674716490169998	0.0020285869042947283	0.0	0.0002721860881847702	0.0010279027565566025	0.0	0.0	0.0017868216142011971	0.0	0.0	0.006202708253287087	0.0006054189027925956	0.003257936346554986	0.00029473837852179925	0.0006183532432931981	0.0	0.0	0.0019163809293563025	0.0010399913698343278	0.0020961627481270555	0.0001618698045902911	0.00047923113246996717	1.6028923358696754e-06	0.0002468641994908955	0.005400990261705151	0.0	0.0	0.0010167256664231816	0.0	0.0	0.008164595812470594	0.0003740240700702151	1.606427664072329e-06	0.0003509035799376383	0.0	0.0	0.002686011889772999	0.0	0.0
	1	2	3	4	5	6	7	8	9	10	11	12	13	14	15	16	17	18	19	20	21	22	23	24	25	26	27	28	29	30	31	32	33	34	35	36	37	38	39	40	41	42	43	44	45	46	47	48	49	50	51
20_1	0.00013009117111279433	0.041133282668188983	0.0007586504929251076	0.0	0.0	0.0	0.0	0.0	0.0	0.0	0.0	0.0	0.0	0.0	0.0	0.0	0.0	0.0	0.0	0.0	0.0	0.0	0.0	0.0	0.0	0.0	0.0	0.0	0.0	0.0003169480837106272	0.0	0.0010282282941007114	7.860195420178536e-05	0.0010682518476021348	5.1545728167752065e-06	0.0011855873150198668	9.794330023687458e-05	0.001206299932327347	2.835506908338811e-05	0.0011291556019729597	2.1915726348793065e-05	0.0026857778867618795	0.004949452778545156	0.0009029309383339574	1.290701913774065e-06	0.0069684800865627726	1.8202057688015456e-05	9.287532917338543e-06	5.69721368791481e-06	0.00780545288439297	0.0
	1	2	3	4	5	6	7	8	9	10	11	12	13	14	15	16	17	18	19	20	21	22	23	24	25	26	27	28	29	30	31	32	33	34	35	36	37	38	39	40	41	42	43	44	45	46	47	48	49	50	51
20_2	0.011209737249451972	0.0	0.0026610728665250804	0.003752035459916534	0.0	0.0027924520690350307	1.2880313971563797e-06	0.00028980706436018537	0.008280753852318364	0.0	0.0	0.0011721085714123053	0.0015765504301194085	0.002051834015670113	0.0	7.856991522653915e-05	0.0010239849607393218	0.0	0.0	0.0018212763955791206	2.5766502230432175e-06	0.0	0.00610928812731643	0.000320983834790007	0.0032618621096656606	0.00026175823807976837	0.0006035542458371104	0.0	0.0	0.0018864044162817657	0.001073703526865727	0.002128393525997391	0.00016523259618295922	0.0005164174330699445	0.0	5.8113423636514124e-05	0.005308451651746043	1.2918076093358833e-06	0.0	0.0010441772797982608	0.0	0.0	0.008050772538499255	0.00033778106004911206	0.0	0.0003168479303032205	0.0	0.0	0.0027131848274616678	0.0	0.0
	1	2	3	4	5	6	7	8	9	10	12	14	16	18	20	22	24	26	28	30	32	34	36	38	40	42	44	46	48	50	52	54	56	58	60	62	64	66	68	70	72	74	76	78	80	82	84	86	88	90	92	94	96	98	100
26	0.0	0.1038532481509949	0.0	0.0	0.0	1.1951329211352482e-05	0.0	3.91134410553354e-05	0.0	0.00020616042889583033	0.0	0.0	0.0	0.012560575380013018	0.0003791897884385544	0.00021106900403703019	0.011118071614067901	0.00024779009207893406	0.0	0.032290211470041186	0.0011126590467495547	0.009252767436229624	0.01352664010484088	0.010605325644380714	0.04159627904116689	0.0057101186208822746	0.011486607126551921	0.005685124956228727	0.00023693293509087049	0.001954192338645388	0.31635407723557385	0.0021623021430610284	0.023792961181352323	0.0	0.02088706574667352	6.806795163712136e-05	0.003800113310093069	0.0067524193695544955	0.009446311399263756	0.006269239884332034	0.039622318653717986	0.0	0.01572422309590525	0.020954379094637852	5.2891701367848645e-05	0.00907793311090602	0.0	0.0	5.265805631414609e-05	0.0	0.0010089297269089289	0.002956036777892714	6.150873513431603e-05	6.271446264994113e-05	0.0
	1	2	3	4	5	6	7	8	9	10	12	14	16	18	20	22	24	26	28	30	32	34	36	38	40	42	44	46	48	50	52	54	56	58	60	62	64	66	68	70	72	74	76	78	80	82	84	86	88	90	92	94	96	98	100
27	0.0	0.102875099165623	0.0	0.0	0.0	1.4224859158292875e-05	0.0	2.5237653345358323e-05	0.0	0.0002207147501657701	0.0	0.0	0.0	0.012334100056301076	0.00035402335857132896	0.0002138581155716379	0.011098280041979363	0.00026395357402756326	0.0	0.03221194964194713	0.0011164242808595591	0.00919522343062076	0.01345750158828907	0.010637853922726726	0.04132326761749979	0.0057866611840585724	0.011502937503961957	0.00565165268340359	0.0002290557141159496	0.0019793320379799337	0.3055604076671959	0.0021182152676156277	0.023763611216189726	0.0	0.02090654190203326	6.702210585280697e-05	0.003808702543674004	0.006734518501674221	0.009487155921715262	0.006277083133711616	0.03946982723275018	0.0	0.015645235402677454	0.020763841254509852	4.501073945856388e-05	0.009147696150761902	0.0	0.0	5.823370301628583e-05	0.0	0.001026820723817584	0.00297494466983546	6.13945209879927e-05	6.038749929890583e-05	0.0
	1	2	3	4	5	6	7	8	9	10	12	14	16	18	20	22	24	26	28	30	32	34	36	38	40	42	44	46	48	50	52	54	56	58	60	62	64	66	68	70	72	74	76	78	80	82	84	86	88	90	92	94	96	98	100
28	0.0	0.10551146464707853	0.0	0.0	0.0	1.0214128851323009e-05	0.0	2.4319354407911928e-05	0.0	0.00021133518980475462	0.0	0.0	0.0	0.012614935518472073	0.00038887303361845316	0.00024467393070165446	0.011191200094483792	0.0002673405126594162	0.0	0.03227784124993858	0.0011530905554496334	0.009168818820923139	0.013391677156363555	0.010669648550991194	0.04115609424491224	0.005675509885166896	0.011580955476348399	0.005776679318672155	0.00023351563632023509	0.002025146553543935	0.31858811137544546	0.0021663408212235615	0.024027082332154153	0.0	0.02068822421424183	6.603733556983675e-05	0.003730210082161252	0.006817337278897142	0.009453515525263245	0.006348439917455263	0.039489613442160156	0.0	0.015715660253155118	0.02068515153892503	5.6107614228448936e-05	0.009237088894984109	0.0	0.0	6.200048691374518e-05	0.0	0.0010444709885459775	0.0029922204540026305	6.260251926720914e-05	5.8404321176168186e-05	0.0
	1	2	3	4	5	6	7	8	9	10	12	14	16	18	20	22	24	26	28	30	32	34	36	38	40	42	44	46	48	50	52	54	56	58	60	62	64	66	68	70	72	74	76	78	80	82	84	86	88	90	92	94	96	98	100
29	0.0	0.10536102989107522	0.0	0.0	0.0	6.078111851572023e-06	0.0	3.494914314653913e-05	0.0	0.00022640966647105782	0.0	0.0	0.0	0.012751878664598102	0.00037406345792820664	0.00021528473059514492	0.011125518247324108	0.00028447921455405386	0.0	0.03227033694346923	0.0011133792870794243	0.009264639135869064	0.01344891685646796	0.01068449015862396	0.04143406356319289	0.005664404592540242	0.011428918585242264	0.005673760965698053	0.00023711007862534705	0.0019498578036776337	0.3155677170253026	0.0021096238429321426	0.02368302438812881	0.0	0.02084844981080272	7.639659330483708e-05	0.003755359284683509	0.006822184946240119	0.009573727820042904	0.006259005987012092	0.03959382017710199	0.0	0.015694719899196092	0.02080095417396277	4.650438033906816e-05	0.009132815168684657	0.0	0.0	5.543774371007492e-05	0.0	0.0010060256176612464	0.0029860683089392485	5.988074990727083e-05	6.241051406986255e-05	0.0
	1	2	3	4	5	6	7	8	9	10	11	12	13	14	15	16	17	18	19	20	21	22	23	24	25	26	27	28	29	30	31	32	33	34	35	36	37	38	39	40	41	42	43	44	45	46	47	48	49	50	51
2_1	0.00011886409847544772	0.040280071370867344	0.0007753180968739431	0.0	0.0	0.0	0.0	0.0	0.0	0.0	0.0	0.0	0.0	0.0	0.0	0.0	0.0	0.0	0.0	0.0	0.0	0.0	0.0	0.0	0.0	0.0	0.0	6.754990965604884e-06	0.0	0.0003445381462096669	0.0	0.0011066962623462002	7.027070044090945e-05	0.0011676412394182006	6.757470491748156e-06	0.0012893699449163319	0.00010542370496608499	0.0013246034576529545	2.0275747736121523e-05	0.0012761628939740614	6.895585689415248e-05	0.0027939551522595343	0.005294117583406564	0.0008956398789527822	1.3536954946184715e-06	0.007379728992163577	2.4530308975186244e-05	9.719590508097842e-06	5.939108988143608e-06	0.008167406007614684	0.0
	1	2	3	4	5	6	7	8	9	10	11	12	13	14	15	16	17	18	19	20	21	22	23	24	25	26	27	28	29	30	31	32	33	34	35	36	37	38	39	40	41	42	43	44	45	46	47	48	49	50	51
2_2	0.011751337008368126	0.0	0.0025866448702327543	0.003883344126328548	0.0	0.0029310806101331996	1.3507283917664513e-06	0.0016451871811715378	0.008666273361573553	0.0	0.0	0.0011859395279709443	0.0016276277120785738	0.0020639129826191377	2.7014567835329027e-06	0.00043898672732409666	0.0010522174171860657	0.0	0.0	0.0018126775017505779	2.7018194998148578e-06	2.7021962600009467e-06	0.006475310783162625	0.0008216600841963736	0.0033369220450004413	0.0002892502679011652	0.0006136980209942037	0.0	2.7040737777326256e-06	0.0019309107686920613	0.0011007936275787154	0.002132852559243192	0.0001731294609493854	0.0004937298674037715	1.3527917089019512e-06	0.0003720512503167847	0.005471694426811324	1.3531854479357095e-06	0.0	0.001020539535701613	0.0	0.0	0.008478586118563546	0.0004918734444587008	0.0	0.000334184339640945	1.3657963830324602e-06	2.7834858954993944e-06	0.0027338534616866902	0.0	0.0
	1	2	3	4	5	6	7	8	9	10	12	14	16	18	20	22	24	26	28	30	32	34	36	38	40	42	44	46	48	50	52	54	56	58	60	62	64	66	68	70	72	74	76	78	80	82	84	86	88	90	92	94	96	98	100
30	0.0	0.10455178096630219	0.0	0.0	0.0	1.3581019496491428e-05	0.0	2.206915668179857e-05	0.0	0.00022896750057366016	0.0	0.0	0.0	0.012599154227581025	0.00038600532863910104	0.0002245326876299552	0.011206414854096097	0.000261724316467466	0.0	0.03222509739220633	0.0010947693081772671	0.009243003747770775	0.013370042820622983	0.010697044713228476	0.04121880689678074	0.005660953860740365	0.011523115173132446	0.005735547379008703	0.00023123882231011457	0.001970687441058064	0.317475590464771	0.0020992246487288387	0.023894333944500308	0.0	0.02071415853258687	7.31874976844348e-05	0.0037319451036620637	0.0068230861780131935	0.009453047719058538	0.006316679044645185	0.039571293020043787	0.0	0.01571781854137208	0.020664375975291787	5.028893529080202e-05	0.009108184949185907	0.0	0.0	5.3320871207752456e-05	0.0	0.0010199273660615013	0.0029769868475982325	6.306253585679673e-05	5.901965489037946e-05	0.0
	1	2	3	4	5	6	7	8	9	10	12	14	16	18	20	22	24	26	28	30	32	34	36	38	40	42	44	46	48	50	52	54	56	58	60	62	64	66	68	70	72	74	76	78	80	82	84	86	88	90	92	94	96	98	100
31	0.0	0.10517053682590864	0.0	0.0	0.0	1.4547768519949232e-05	0.0	2.319779304532445e-05	0.0	0.00020720740567603364	0.0	0.0	0.0	0.01272536562562586	0.0003922078942944403	0.0002225635278049333	0.011258121593501933	0.00027766774308539573	0.0	0.03218112392600389	0.0011339950905113574	0.009141330535374314	0.01339219790842078	0.010682256408088144	0.04134611633878484	0.005655827960014672	0.011556203420839744	0.005744528245304002	0.00023410576145383705	0.0020137206250965337	0.31524632965324745	0.0021673543021529847	0.023962893225204028	0.0	0.020639141319963545	7.095892793375209e-05	0.003706489695192746	0.006800288684952965	0.009584469854295272	0.006369271789301476	0.039536000498053066	0.0	0.015747692775512356	0.020673966531795405	5.548142993004102e-05	0.009141942773097144	0.0	0.0	6.206283698588677e-05	0.0	0.0010182988400458616	0.003023109053302604	6.756766315945053e-05	6.29669541082721e-05	0.0
	1	2	3	4	5	6	7	8	9	10	12	14	16	18	20	22	24	26	28	30	32	34	36	38	40	42	44	46	48	50	52	54	56	58	60	62	64	66	68	70	72	74	76	78	80	82	84	86	88	90	92	94	96	98	100
32	0.0	0.10003595529430806	0.0	0.0	0.0	1.1903204058760233e-05	0.0	2.7139305253973332e-05	0.0	0.00021163896816475694	0.0	0.0	0.0	0.012051041853170035	0.00037352980223239645	0.00020904241986400502	0.01116490064403992	0.00025124503165629053	0.0	0.03198629478537736	0.0011247278169403774	0.009113472955449719	0.013394943432208747	0.010710900563852868	0.04131906376494188	0.005685059452256754	0.011596821116334461	0.005727681325151008	0.00022930870593146604	0.0019954754521340212	0.3076892528754034	0.0021424773461016355	0.02389861861504071	0.0	0.020551633443883464	6.644133986475923e-05	0.0037474876819630467	0.006804319025719841	0.009566942692664265	0.006374960988803654	0.039294301155329274	0.0	0.015597218218315223	0.020654070673636216	4.815879544818304e-05	0.009115398563486239	0.0	0.0	5.8300210716394936e-05	0.0	0.0010582630529921825	0.003011434464477424	6.15950016041167e-05	6.608863175669228e-05	0.0
	1	2	3	4	5	6	7	8	9	10	12	14	16	18	20	22	24	26	28	30	32	34	36	38	40	42	44	46	48	50	52	54	56	58	60	62	64	66	68	70	72	74	76	78	80	82	84	86	88	90	92	94	96	98	100
33	0.0	0.10407333607043585	0.0	0.0	0.0	1.2676357972550999e-05	0.0	2.7538294905886654e-05	0.0	0.00021527952763728854	0.0	0.0	0.0	0.012433103034215668	0.0003706802192716873	0.00022884927863669165	0.011231986578293012	0.00027283266507621256	0.0	0.03209329850342884	0.0011257593684845077	0.00910590971703532	0.013337650779317176	0.010700062593167662	0.04133645217077186	0.0056070306282209985	0.011455226125314561	0.005694379261331208	0.0002149854081281346	0.0019759263287254434	0.3153118958445097	0.0021483263381304445	0.023904364734485765	0.0	0.020538328139368723	6.927060330131508e-05	0.0037013043081965263	0.0068429861852208	0.00961321405972424	0.006296840733708935	0.039449850668792794	0.0	0.015593313903487989	0.020621100412264566	4.897840577670031e-05	0.009162568160097832	0.0	0.0	5.716830319436514e-05	0.0	0.001000513868499657	0.0029874410926480598	5.664875729797454e-05	5.8697343776243973e-05	0.0
	1	2	3	4	5	6	7	8	9	10	11	12	13	14	15	16	17	18	19	20	21	22	23	24	25	26	27	28	29	30	31	32	33	34	35	36	37	38	39	40	41	42	43	44	45	46	47	48	49	50	51
5_1	0.00010563787494088681	0.04029330372745254	0.000736111541254751	0.0	0.0	0.0	0.0	0.0	0.0	0.0	0.0	0.0	0.0	0.0	0.0	0.0	0.0	0.0	0.0	0.0	0.0	0.0	0.0	0.0	0.0	0.0	0.0	0.0	0.0	0.0003271082563264582	0.0	0.0010921939539162602	8.55699888264051e-05	0.0011275952750469155	6.712275797612602e-06	0.0012653229518675513	0.00011244120101366917	0.001285589817027674	2.6855340202022992e-05	0.0012086639043100787	1.343224119362119e-05	0.00278452912260579	0.004975726283852451	0.0008653779279327041	0.0	0.007192302841293129	2.5398696461008287e-05	5.180074676992559e-06	3.6940970674613606e-06	0.007881508609095074	0.0
	1	2	3	4	5	6	7	8	9	10	11	12	13	14	15	16	17	18	19	20	21	22	23	24	25	26	27	28	29	30	31	32	33	34	35	36	37	38	39	40	41	42	43	44	45	46	47	48	49	50	51
5_2	0.011418951243610144	0.0	0.002609087831873331	0.0038616512061724175	0.0	0.0029343854150246334	0.0	0.0005416037080302609	0.008325270620341317	3.3535833314567237e-06	0.0	0.0011888452910014087	0.0015879217074447588	0.0020222107488684043	0.0	0.00014923445824982422	0.0010261964994257575	0.0	0.0	0.0018360868739725564	6.708058405655846e-06	0.0	0.006208286346228731	0.00042108872035684304	0.003301911927807857	0.0002986753529960938	0.0005823095174110714	0.0	0.0	0.0019489718216781097	0.0010543512884600866	0.002103918212689743	0.00017800148795809857	0.0004887119710501135	1.6795913460198019e-06	0.0001427809338336691	0.005439709912601266	5.040504909392976e-06	0.0	0.0009899029728702216	0.0	0.0	0.008172405565658795	0.00037690668510637754	0.0	0.0003391339638885431	3.3933454392062995e-06	0.0	0.002713396129107528	0.0	0.0

