	15.0	16.0	17.0	18.0	19.0	20.0	21.0	22.0	23.0	24.0	25.0	26.0	27.0	28.0	29.0	30.0	31.0	32.0	33.0	34.0	35.0	36.0	37.0
17_1	6.0	8.0	39.0	97.0	383.0	1060.0	2574.0	6355.0	14800.0	32557.0	62914.0	101784.0	164296.0	235762.0	353761.0	483306.0	689095.0	902075.0	1257295.0	1902204.0	3981783.0	24866733.0	27683530.0
	2.0	3.0	4.0	5.0	6.0	7.0	8.0	9.0	10.0	11.0	12.0	13.0	14.0	15.0	16.0	17.0	18.0	19.0	20.0	21.0	22.0	23.0	24.0	25.0	26.0	27.0	28.0	29.0	30.0	31.0	32.0	33.0	34.0	35.0	36.0	37.0
17_2	1.0	0.0	0.0	0.0	0.0	0.0	0.0	0.0	0.0	112.0	792.0	3144.0	8929.0	18807.0	28243.0	42198.0	53134.0	66742.0	78696.0	95150.0	108341.0	126529.0	140346.0	163719.0	179813.0	216549.0	249748.0	324988.0	400454.0	543875.0	731076.0	1126372.0	1987734.0	5774462.0	29916160.0	20356303.0
	14.0	15.0	16.0	17.0	18.0	19.0	20.0	21.0	22.0	23.0	24.0	25.0	26.0	27.0	28.0	29.0	30.0	31.0	32.0	33.0	34.0	35.0	36.0	37.0
20_1	1.0	1.0	10.0	26.0	102.0	318.0	871.0	2174.0	5414.0	12965.0	28214.0	57798.0	99154.0	171425.0	261086.0	406346.0	556900.0	776678.0	1005786.0	1377253.0	2044821.0	4830858.0	30285954.0	37236261.0
	2.0	3.0	4.0	5.0	6.0	7.0	8.0	9.0	10.0	11.0	12.0	13.0	14.0	15.0	16.0	17.0	18.0	19.0	20.0	21.0	22.0	23.0	24.0	25.0	26.0	27.0	28.0	29.0	30.0	31.0	32.0	33.0	34.0	35.0	36.0	37.0
20_2	1.0	0.0	0.0	0.0	0.0	0.0	0.0	0.0	3.0	461.0	2920.0	11680.0	30641.0	63759.0	96623.0	140304.0	176412.0	223458.0	276180.0	354808.0	416332.0	479506.0	442199.0	392793.0	301384.0	288503.0	299494.0	373900.0	453881.0	609170.0	811139.0	1235704.0	2156820.0	6392535.0	36733933.0	26395873.0
	10.0	11.0	12.0	13.0	14.0	15.0	16.0	17.0	18.0	19.0	20.0	21.0	22.0	23.0	24.0	25.0	26.0	27.0	28.0	29.0	30.0	31.0	32.0	33.0	34.0	35.0	36.0	37.0	38.0	39.0	40.0
26	5.0	34.0	213.0	2746.0	22681.0	90030.0	179575.0	219316.0	163287.0	133773.0	132877.0	157362.0	189784.0	228904.0	271526.0	320318.0	368453.0	419632.0	482042.0	544305.0	648913.0	705972.0	902107.0	1023743.0	1460029.0	1942556.0	2815422.0	5211455.0	8839205.0	55896421.0	100995949.0
	10.0	11.0	12.0	13.0	14.0	15.0	16.0	17.0	18.0	19.0	20.0	21.0	22.0	23.0	24.0	25.0	26.0	27.0	28.0	29.0	30.0	31.0	32.0	33.0	34.0	35.0	36.0	37.0	38.0	39.0	40.0
27	2.0	43.0	290.0	3381.0	28196.0	110931.0	227605.0	282828.0	222898.0	199807.0	225808.0	270851.0	334279.0	384365.0	457037.0	515730.0	594412.0	660057.0	764596.0	841172.0	989849.0	1086341.0	1368812.0	1537773.0	2120304.0	2797281.0	3956641.0	7301954.0	12336099.0	69396012.0	109277678.0
	10.0	11.0	12.0	13.0	14.0	15.0	16.0	17.0	18.0	19.0	20.0	21.0	22.0	23.0	24.0	25.0	26.0	27.0	28.0	29.0	30.0	31.0	32.0	33.0	34.0	35.0	36.0	37.0	38.0	39.0	40.0
28	10.0	61.0	351.0	3242.0	25282.0	97721.0	196846.0	244794.0	182039.0	146044.0	137421.0	159042.0	188032.0	230170.0	270904.0	323169.0	369671.0	424193.0	484896.0	550715.0	656449.0	718941.0	923661.0	1047073.0	1508127.0	2017985.0	2951977.0	5474239.0	9304090.0	60643068.0	116643722.0
	10.0	11.0	12.0	13.0	14.0	15.0	16.0	17.0	18.0	19.0	20.0	21.0	22.0	23.0	24.0	25.0	26.0	27.0	28.0	29.0	30.0	31.0	32.0	33.0	34.0	35.0	36.0	37.0	38.0	39.0	40.0
29	12.0	103.0	523.0	3394.0	24236.0	92232.0	186589.0	230326.0	170617.0	139692.0	138856.0	164722.0	199885.0	243482.0	286511.0	339025.0	386028.0	439794.0	500827.0	565135.0	670006.0	731405.0	932802.0	1051955.0	1504450.0	1997907.0	2909751.0	5391682.0	9183976.0	59122955.0	110137912.0
	2.0	3.0	4.0	5.0	6.0	7.0	8.0	9.0	10.0	11.0	12.0	13.0	14.0	15.0	16.0	17.0	18.0	19.0	20.0	21.0	22.0	23.0	24.0	25.0	26.0	27.0	28.0	29.0	30.0	31.0	32.0	33.0	34.0	35.0	36.0	37.0
2_1	1.0	0.0	0.0	0.0	0.0	0.0	0.0	0.0	0.0	0.0	0.0	0.0	0.0	2.0	5.0	26.0	86.0	310.0	848.0	2197.0	5518.0	14097.0	31638.0	63414.0	106247.0	179030.0	261545.0	393960.0	526669.0	727093.0	928477.0	1244399.0	1799487.0	3892123.0	28010294.0	36139463.0
	10.0	11.0	12.0	13.0	14.0	15.0	16.0	17.0	18.0	19.0	20.0	21.0	22.0	23.0	24.0	25.0	26.0	27.0	28.0	29.0	30.0	31.0	32.0	33.0	34.0	35.0	36.0	37.0
2_2	1.0	150.0	1076.0	4923.0	15338.0	32541.0	47349.0	68766.0	87594.0	115081.0	138342.0	159648.0	164691.0	170712.0	166988.0	180386.0	190246.0	223198.0	252678.0	321503.0	389242.0	524691.0	701337.0	1063836.0	1839632.0	5420038.0	33986146.0	28060796.0
	10.0	11.0	12.0	13.0	14.0	15.0	16.0	17.0	18.0	19.0	20.0	21.0	22.0	23.0	24.0	25.0	26.0	27.0	28.0	29.0	30.0	31.0	32.0	33.0	34.0	35.0	36.0	37.0	38.0	39.0	40.0
30	5.0	31.0	243.0	3155.0	26935.0	107780.0	218639.0	267512.0	200666.0	166487.0	166877.0	199232.0	245874.0	297906.0	354541.0	418367.0	484066.0	552109.0	640761.0	757037.0	913204.0	956667.0	1182549.0	1332164.0	1873620.0	2479806.0	3574596.0	6568197.0	11105932.0	72297736.0	128762245.0
	10.0	11.0	12.0	13.0	14.0	15.0	16.0	17.0	18.0	19.0	20.0	21.0	22.0	23.0	24.0	25.0	26.0	27.0	28.0	29.0	30.0	31.0	32.0	33.0	34.0	35.0	36.0	37.0	38.0	39.0	40.0
31	5.0	54.0	396.0	4910.0	38434.0	141649.0	277438.0	340624.0	253640.0	206254.0	201777.0	240611.0	290765.0	357798.0	421028.0	494894.0	560737.0	638758.0	724663.0	836031.0	985726.0	1052648.0	1306357.0	1458021.0	2049491.0	2661058.0	3850504.0	7028249.0	11861946.0	78803278.0	137836964.0
	10.0	11.0	12.0	13.0	14.0	15.0	16.0	17.0	18.0	19.0	20.0	21.0	22.0	23.0	24.0	25.0	26.0	27.0	28.0	29.0	30.0	31.0	32.0	33.0	34.0	35.0	36.0	37.0	38.0	39.0	40.0
32	2.0	11.0	191.0	2420.0	21787.0	91708.0	188820.0	233028.0	181544.0	171614.0	206783.0	261072.0	337162.0	399100.0	489606.0	551599.0	639084.0	704972.0	820380.0	898146.0	1061284.0	1165672.0	1471548.0	1654041.0	2254945.0	2951741.0	4135497.0	7598212.0	12815151.0	68659914.0	100349880.0
	10.0	11.0	12.0	13.0	14.0	15.0	16.0	17.0	18.0	19.0	20.0	21.0	22.0	23.0	24.0	25.0	26.0	27.0	28.0	29.0	30.0	31.0	32.0	33.0	34.0	35.0	36.0	37.0	38.0	39.0	40.0
33	1.0	9.0	154.0	2685.0	24341.0	98192.0	200757.0	252304.0	193691.0	168205.0	176650.0	220006.0	280991.0	343731.0	414031.0	485121.0	564570.0	637489.0	737822.0	824444.0	970927.0	1059292.0	1321382.0	1487677.0	2057456.0	2687811.0	3821710.0	6936604.0	11565533.0	71176946.0	120405702.0
	15.0	16.0	17.0	18.0	19.0	20.0	21.0	22.0	23.0	24.0	25.0	26.0	27.0	28.0	29.0	30.0	31.0	32.0	33.0	34.0	35.0	36.0	37.0
5_1	2.0	7.0	27.0	80.0	313.0	821.0	2192.0	5270.0	12993.0	28738.0	57000.0	94109.0	155390.0	224962.0	338176.0	455581.0	637978.0	827775.0	1131592.0	1697826.0	3808960.0	23937681.0	26746222.0
	11.0	12.0	13.0	14.0	15.0	16.0	17.0	18.0	19.0	20.0	21.0	22.0	23.0	24.0	25.0	26.0	27.0	28.0	29.0	30.0	31.0	32.0	33.0	34.0	35.0	36.0	37.0
5_2	121.0	1045.0	4193.0	11540.0	23744.0	35903.0	52751.0	67240.0	89239.0	109877.0	135352.0	160717.0	196696.0	209898.0	216766.0	194523.0	203873.0	221301.0	284663.0	349484.0	474155.0	633950.0	968207.0	1689996.0	4922393.0	27851414.0	21054654.0

