	1	2	3	4	5	6	7	8	9	10	11	12	13	14	15	16	17	18	19	20	21	22	23	24	25	26	27	28	29	30	31	32	33	34	35	36	37	38	39	40	41	42	43	44	45	46	47	48	49	50	51
17_1	9.403526803884523e-05	0.03960000457107032	0.0007347501451848755	0.0	0.0	0.0	0.0	0.0	0.0	0.0	0.0	0.0	0.0	0.0	0.0	0.0	0.0	0.0	0.0	0.0	0.0	0.0	0.0	0.0	0.0	0.0	0.0	7.969090511766545e-06	0.0	0.00037932870836008756	0.0	0.0011666748509226222	9.722290424355186e-05	0.0012176770301979283	3.1876362047066184e-06	0.0013419948635704435	0.0001370683589870049	0.001391403358589509	3.347019668649515e-05	0.001308530585021711	3.825263371773936e-05	0.0030508068363958767	0.005276101247458425	0.0009022248562087106	3.1883749299354613e-06	0.0073785470347609615	1.9154313438056563e-05	4.807762652040085e-06	1.6388265274424532e-06	0.009556105644955877	0.001445960562774015
	1	2	3	4	5	6	7	8	9	10	11	12	13	14	15	16	17	18	19	20	21	22	23	24	25	26	27	28	29	30	31	32	33	34	35	36	37	38	39	40	41	42	43	44	45	46	47	48	49	50	51
17_2	0.011120068900119037	1.5938181023533092e-06	0.002588360598221774	0.0037677859939632226	1.5938181023533092e-06	0.002996378032424221	1.5938181023533092e-06	0.0012798359361897071	0.00831813667618192	1.5938181023533092e-06	1.5938181023533092e-06	0.001185800668150862	0.0015699108308180095	0.0020400871710122355	1.5938181023533092e-06	0.00027413671360476915	0.001035981766529651	1.5938181023533092e-06	1.5938181023533092e-06	0.0017978268194545326	1.5938181023533092e-06	1.5938181023533092e-06	0.006220672053484965	0.0006104323332013174	0.003273702382233697	0.0002964501670377155	0.0006231828780201439	1.5938181023533092e-06	3.1876362047066184e-06	0.0019317075400522108	0.0010455446751437708	0.0021070275313110746	0.00016575708264474415	0.0004829268850130527	7.969090511766545e-06	0.0002502294580222791	0.005420575884468323	0.0	0.0	0.0010200492269381613	0.0	0.0	0.008178688222571005	0.00038415886336669525	1.5941890406581653e-06	0.0003524216205146634	0.0	0.0	0.0027597544290535146	0.0	0.0
	1	2	3	4	5	6	7	8	9	10	11	12	13	14	15	16	17	18	19	20	21	22	23	24	25	26	27	28	29	30	31	32	33	34	35	36	37	38	39	40	41	42	43	44	45	46	47	48	49	50	51
20_1	0.00013011553653280447	0.040541727319876646	0.0007617443546532145	0.0	0.0	0.0	0.0	0.0	0.0	0.0	0.0	0.0	0.0	0.0	0.0	0.0	0.0	0.0	0.0	0.0	0.0	0.0	0.0	0.0	0.0	0.0	0.0	0.0	0.0	0.0003183409243326867	0.0	0.00103208148880875	7.958523108317167e-05	0.0010725057331684564	5.053030544963281e-06	0.0011887254657359423	9.979735578442023e-05	0.0012102009531103092	2.9054942517322744e-05	0.0011356726176459245	2.1475865163755304e-05	0.002692189107903154	0.004972658149953614	0.0008982886237229029	1.2635537781060321e-06	0.007001272376026698	1.8980812853057353e-05	1.0168710732172976e-05	5.207729290982759e-06	0.00897880475974858	0.0008656115345192897
	1	2	3	4	5	6	7	8	9	10	11	12	13	14	15	16	17	18	19	20	21	22	23	24	25	26	27	28	29	30	31	32	33	34	35	36	37	38	39	40	41	42	43	44	45	46	47	48	49	50	51
20_2	0.011210148264001038	1.2632576362408203e-06	0.0026452614902882773	0.0037556649525439583	1.2632576362408203e-06	0.0027741137691848407	2.5265152724816405e-06	0.00029054925633538865	0.008268021229196168	1.2632576362408203e-06	1.2632576362408203e-06	0.0011748296017039628	0.0015752822723923026	0.0020553201741638143	1.2632576362408203e-06	7.958523108317167e-05	0.00103208148880875	1.2632576362408203e-06	1.2632576362408203e-06	0.0018279337996404668	3.7897729087224603e-06	1.2632576362408203e-06	0.006119219989950533	0.0003183409243326867	0.003266784247318761	0.0002589678154293681	0.0006076269230318345	1.2632576362408203e-06	1.2632576362408203e-06	0.0018936231967249895	0.0010661894449872523	0.002136168662883227	0.00016422349271130664	0.000519198888494977	1.2632576362408203e-06	5.810985200115487e-05	0.00530441888158368	1.2632626950100201e-06	0.0	0.0010497766704353354	0.0	0.0	0.008041466729672684	0.000334808250008825	0.0	0.0003261118394486192	0.0	0.0	0.00272339444300355	0.0	0.0
	1	2	3	4	5	6	7	8	9	10	12	14	16	18	20	22	24	26	28	30	32	34	36	38	40	42	44	46	48	50	52	54	56	58	60	62	64	66	68	70	72	74	76	78	80	82	84	86	88	90	92	94	96	98	100
26	0.0	0.10371991960563141	0.0	0.0	0.0	1.1932615327981356e-05	0.0	3.905219561884808e-05	0.0	0.00020583761440767838	0.0	0.0	0.0	0.012545517842554943	0.00037886053666340806	0.0002107191388600344	0.0111079088913361	0.0002473305722527045	0.0	0.0322880299027001	0.0011129875751371703	0.009255912753272812	0.013532941760945402	0.010602128718911434	0.041602249753598275	0.0057140955672856176	0.0114927357356635	0.005682365658345304	0.0002372963275450838	0.0019526097809424037	0.31638082041449184	0.0021649560946198905	0.02379444855140355	0.0	0.020895907809915716	6.77989507271668e-05	0.0038054195064144178	0.0067525042966229045	0.009443851444688518	0.006274114900292015	0.03962414756718245	0.0	0.015723119065235797	0.020966689914474878	5.2883181567190104e-05	0.009070686019886191	0.0	0.0	5.2883181567190104e-05	0.0	0.0010085771910173333	0.0029563054475073808	6.129025145735878e-05	6.210383886608479e-05	0.0
	1	2	3	4	5	6	7	8	9	10	12	14	16	18	20	22	24	26	28	30	32	34	36	38	40	42	44	46	48	50	52	54	56	58	60	62	64	66	68	70	72	74	76	78	80	82	84	86	88	90	92	94	96	98	100
27	0.0	0.10272842790511058	0.0	0.0	0.0	1.4201094609378095e-05	0.0	2.5195490435993393e-05	0.0	0.00022034601635841496	0.0	0.0	0.0	0.012318762423896333	0.00035342401584307096	0.00021370356887983488	0.011086244841750147	0.0002636364499257127	0.0	0.03221083117302617	0.0011163892762275618	0.009201164057311733	0.013457598591603236	0.01062722881598896	0.0413244981635511	0.005788091302886846	0.011509529081074837	0.005642415558184193	0.0002292789629675399	0.0019748683503557733	0.3055528130645966	0.002119169795580099	0.02376644802844646	0.0	0.02091546376065728	6.688257461190973e-05	0.003807725754617765	0.006730173595279945	0.009476711102716279	0.006278945266562608	0.03948110446328859	0.0	0.015651667708752152	0.02076726846691103	4.489378295867914e-05	0.009137259131569531	0.0	0.0	5.794962800278481e-05	0.0	0.0010229369117013317	0.002972380721708057	6.11563267855476e-05	5.955297739416621e-05	0.0
	1	2	3	4	5	6	7	8	9	10	12	14	16	18	20	22	24	26	28	30	32	34	36	38	40	42	44	46	48	50	52	54	56	58	60	62	64	66	68	70	72	74	76	78	80	82	84	86	88	90	92	94	96	98	100
28	0.0	0.10536706187165663	0.0	0.0	0.0	1.0197940321993168e-05	0.0	2.428081029045992e-05	0.0	0.0002110002414240967	0.0	0.0	0.0	0.012599798075925463	0.0003887357727502633	0.0002445077596249314	0.011180827522550984	0.00026684610509215454	0.0	0.03227502427049095	0.0011528528725910372	0.009171590471015425	0.013394023380526405	0.010667045576804852	0.041153059745094714	0.0056763678297037205	0.011581218084240669	0.005770577373630705	0.00023358139499422443	0.002022348689092407	0.3186268755013836	0.0021665767022177387	0.02402464774189557	0.0	0.020693563378147373	6.604380399005099e-05	0.00372880403630593	0.0068187799538698595	0.00944426397057729	0.006350645931469793	0.0394946804022563	0.0	0.015720610622558275	0.02067972331628181	5.608867177096242e-05	0.009229621607609624	0.0	0.0	6.19160662406728e-05	0.0	0.0010421323776665398	0.0029950379493282313	6.26444905493866e-05	5.7788328491294614e-05	0.0
	1	2	3	4	5	6	7	8	9	10	12	14	16	18	20	22	24	26	28	30	32	34	36	38	40	42	44	46	48	50	52	54	56	58	60	62	64	66	68	70	72	74	76	78	80	82	84	86	88	90	92	94	96	98	100
29	0.0	0.10521637291811411	0.0	0.0	0.0	6.0683665206398545e-06	0.0	3.489310749367916e-05	0.0	0.00022629950149886125	0.0	0.0	0.0	0.012738259872638135	0.0003737102382294044	0.0002149213142726615	0.011114718979761948	0.00028394898344493986	0.0	0.03226702188187227	0.0011135452565374133	0.009267154222832138	0.013452304333233425	0.010676279498645717	0.04143607084595406	0.005665325844227358	0.011430526887440246	0.005665831541437411	0.000236919142909981	0.00194668141010026	0.3156225696508146	0.002113055792207803	0.023678513314931687	0.0	0.02085014881910346	7.610743011302485e-05	0.00375556033046099	0.006819326877569037	0.00957360673212445	0.006258761520224931	0.0395852190571589	0.0	0.015694060065399796	0.02080084334112326	4.627129471987889e-05	0.009123283366571968	0.0	0.0	5.537384450083867e-05	0.0	0.0010025447189307092	0.002985130630944755	5.992511939131856e-05	6.169505962650519e-05	0.0
	1	2	3	4	5	6	7	8	9	10	11	12	13	14	15	16	17	18	19	20	21	22	23	24	25	26	27	28	29	30	31	32	33	34	35	36	37	38	39	40	41	42	43	44	45	46	47	48	49	50	51
2_1	0.00011974125824571602	0.04023037195576855	0.0007803362896911831	1.3454073960192812e-06	1.3454073960192812e-06	1.3454073960192812e-06	1.3454073960192812e-06	1.3454073960192812e-06	1.3454073960192812e-06	1.3454073960192812e-06	1.3454073960192812e-06	1.3454073960192812e-06	1.3454073960192812e-06	1.3454073960192812e-06	1.3454073960192812e-06	1.3454073960192812e-06	1.3454073960192812e-06	1.3454073960192812e-06	1.3454073960192812e-06	1.3454073960192812e-06	1.3454073960192812e-06	1.3454073960192812e-06	1.3454073960192812e-06	1.3454073960192812e-06	1.3454073960192812e-06	1.3454073960192812e-06	1.3454073960192812e-06	8.072444376115688e-06	1.3454073960192812e-06	0.0003457697007769553	1.3454073960192812e-06	0.0011166881386960033	7.399740678106047e-05	0.001177231471516871	8.072444376115688e-06	0.0012983181895616133	0.00010763259602583322	0.0013332989626530449	2.0181123973169277e-05	0.0012862147312621823	6.996262287236095e-05	0.002821497458714778	0.005337689885761192	0.0008961452674622248	1.3456786611401618e-06	0.007438288654111528	2.4249226436204894e-05	1.2166504946779246e-05	6.915027820055874e-06	0.009541142677690564	0.0018142241561329292
	1	2	3	4	5	6	7	8	9	10	11	12	13	14	15	16	17	18	19	20	21	22	23	24	25	26	27	28	29	30	31	32	33	34	35	36	37	38	39	40	41	42	43	44	45	46	47	48	49	50	51
2_2	0.011777696344752788	0.0	0.0025912546447331357	0.0039003360410598963	0.0	0.0029302973085299946	1.3454073960192812e-06	0.0016535056897076965	0.008688640963492518	0.0	0.0	0.0011933763602691024	0.001630633763975369	0.0020773090194537705	2.6908147920385625e-06	0.00044398444068636275	0.0010588356206671743	0.0	0.0	0.0018243724290021453	2.6908147920385625e-06	2.6908147920385625e-06	0.006488899871000994	0.0008274255485518579	0.003348719008691991	0.0002879171827481262	0.0006148511799808115	0.0	2.6908147920385625e-06	0.0019441136872478614	0.00110457947213183	0.0021459247966507536	0.0001735575540864873	0.000497800736527134	1.3454073960192812e-06	0.0003794048856774373	0.005493298397946725	1.3454084820927947e-06	0.0	0.0010265503456413849	0.0	0.0	0.008495667431622087	0.0005018947265988355	0.0	0.00033920444174755977	1.3472367446858651e-06	2.707494015829039e-06	0.0028259707849397366	0.0	0.0
	1	2	3	4	5	6	7	8	9	10	12	14	16	18	20	22	24	26	28	30	32	34	36	38	40	42	44	46	48	50	52	54	56	58	60	62	64	66	68	70	72	74	76	78	80	82	84	86	88	90	92	94	96	98	100
30	0.0	0.10435098289432769	0.0	0.0	0.0	1.3550425892214772e-05	0.0	2.2019442074849004e-05	0.0	0.00022845171152655841	0.0	0.0	0.0	0.012583687694967075	0.0003859754125235552	0.00022442892883980717	0.011194557315610495	0.00026126914923426607	0.0	0.03221571410793149	0.0010952555178191721	0.009244354614154396	0.013375964158852506	0.010694673635430509	0.041219972113308204	0.005664078022945774	0.011524002045114966	0.00572971289836119	0.0002314158671904804	0.001967564184630498	0.3174526025898616	0.002099892562484158	0.023886648417715286	0.0	0.02071796601298269	7.368044078891782e-05	0.0037346244111371306	0.00682200426051644	0.009447399277133051	0.006318944699267966	0.03956237392096212	0.0	0.01571404780147325	0.02066376430941383	4.996719547754197e-05	0.0090955116547446	0.0	0.0	5.356652735516152e-05	0.0	0.0010179757451526346	0.002977706089814196	6.245899434692746e-05	5.84362116601762e-05	0.0
	1	2	3	4	5	6	7	8	9	10	12	14	16	18	20	22	24	26	28	30	32	34	36	38	40	42	44	46	48	50	52	54	56	58	60	62	64	66	68	70	72	74	76	78	80	82	84	86	88	90	92	94	96	98	100
31	0.0	0.10497805493220375	0.0	0.0	0.0	1.4514089391444944e-05	0.0	2.3144088489060857e-05	0.0	0.00020692384199965424	0.0	0.0	0.0	0.01270610458049441	0.00039188041356901345	0.00022222247676360974	0.01124528109687979	0.000277336789182475	0.0	0.03217655936277467	0.0011326873815620886	0.009146229952727847	0.013395523826588044	0.01067727024718216	0.04134475658593281	0.005657552817516613	0.011561452882001536	0.005736399627453923	0.00023359838466501255	0.0020098091080288693	0.31524641385487046	0.002166129773501594	0.02396393840333437	0.0	0.02064727284104607	7.080521986907601e-05	0.0037079575668279275	0.006796516562058786	0.009583221725216216	0.006371489106501203	0.03953382972983537	0.0	0.01574719858068838	0.020672378292966406	5.570272144824817e-05	0.009137207680943976	0.0	0.0	6.178294808520483e-05	0.0	0.0010148094393423802	0.00301794991170491	6.747090203590622e-05	6.295976614397063e-05	0.0
	1	2	3	4	5	6	7	8	9	10	12	14	16	18	20	22	24	26	28	30	32	34	36	38	40	42	44	46	48	50	52	54	56	58	60	62	64	66	68	70	72	74	76	78	80	82	84	86	88	90	92	94	96	98	100
32	0.0	0.09992586711309391	0.0	0.0	0.0	1.1886823329863047e-05	0.0	2.7101957192087748e-05	0.0	0.00021134771880496498	0.0	0.0	0.0	0.012038023722618904	0.00037324625255769967	0.00020897035413899238	0.011154357276276885	0.00025104970872670757	0.0	0.03198815479006125	0.0011254444328714333	0.00911695575753836	0.013403106513820375	0.010710741029606397	0.04133500171079916	0.005687369490406273	0.011603916934612307	0.005722079014529473	0.00022965342673295406	0.001991756117151852	0.30768756905590583	0.0021460470839734748	0.023899884723489237	0.0	0.020561589259530503	6.63284741806358e-05	0.0037488663417722073	0.006807583721012566	0.009563187105341417	0.006375854297671941	0.03929593603679445	0.0	0.015597176364046499	0.02066857066949927	4.802276625264671e-05	0.009101027414276344	0.0	0.0	5.8007697849731664e-05	0.0	0.0010574518034246166	0.003010456876521115	6.181148131528785e-05	6.51397918476495e-05	0.0
	1	2	3	4	5	6	7	8	9	10	12	14	16	18	20	22	24	26	28	30	32	34	36	38	40	42	44	46	48	50	52	54	56	58	60	62	64	66	68	70	72	74	76	78	80	82	84	86	88	90	92	94	96	98	100
33	0.0	0.10394942158485374	0.0	0.0	0.0	1.2657330951066522e-05	0.0	2.74969603419721e-05	0.0	0.000214956396324147	0.0	0.0	0.0	0.012419678650968049	0.00037011781539670387	0.00022848664665114915	0.011222033267184376	0.00027256907513589806	0.0	0.032100955360500553	0.001125629535268985	0.009111532446016025	0.013342354431332002	0.010693917044743324	0.0413329506803957	0.005609816369450277	0.011462959014942608	0.005690124952036354	0.00021473816648016306	0.0019747618582103615	0.315322047411097	0.0021502186527734214	0.023912753384380436	0.0	0.020546558040928694	6.896063069891416e-05	0.003704451601626797	0.0068399779999875525	0.009606477732171523	0.00629789506753153	0.039455519332602156	0.0	0.015595577570465827	0.020622938486323062	4.888348505239485e-05	0.009163034689196227	0.0	0.0	5.717621912378326e-05	0.0	0.0009968739273184808	0.002988439483515603	5.673975943581544e-05	5.935851756362231e-05	0.0
	1	2	3	4	5	6	7	8	9	10	11	12	13	14	15	16	17	18	19	20	21	22	23	24	25	26	27	28	29	30	31	32	33	34	35	36	37	38	39	40	41	42	43	44	45	46	47	48	49	50	51
5_1	0.00010471431317508008	0.04003244814002863	0.0007346623241807206	0.0	0.0	0.0	0.0	0.0	0.0	0.0	0.0	0.0	0.0	0.0	0.0	0.0	0.0	0.0	0.0	0.0	0.0	0.0	0.0	0.0	0.0	0.0	0.0	0.0	0.0	0.00032577786321136027	0.0	0.0010886964306298008	8.809299362348008e-05	0.001128587597553641	8.310659775800007e-06	0.0012632203069179893	0.00011468711253104469	0.0012848282148940843	2.659412454344329e-05	0.0012100377752850481	1.3297409274062015e-05	0.0027826275673915745	0.004988585182884675	0.0008611017451058044	0.0	0.007219094529976829	2.496757918230546e-05	5.012582668557658e-06	5.122931748648887e-06	0.009375657358086884	0.0008509990328489361
	1	2	3	4	5	6	7	8	9	10	11	12	13	14	15	16	17	18	19	20	21	22	23	24	25	26	27	28	29	30	31	32	33	34	35	36	37	38	39	40	41	42	43	44	45	46	47	48	49	50	51
5_2	0.011448764907142089	0.0	0.002611209301556362	0.0038794159833434433	0.0	0.0029353250328125625	0.0	0.0005501656771579605	0.008340578150992886	3.324263910320003e-06	0.0	0.001193410743804881	0.0015923224130432814	0.0020394359089813217	0.0	0.00015291613987472013	0.001033846076109521	0.0	0.0	0.0018482907341379215	6.648527820640006e-06	0.0	0.006228008435984525	0.0004255057805209604	0.003327588174230323	0.00030250801583912027	0.0005917189760369605	0.0	0.0	0.0019629778390439618	0.001053791659571441	0.0021242046386944816	0.00017951025115728013	0.0005003017185031604	1.6621319551600015e-06	0.00014460548490598805	0.0054650903227511476	4.986401501358952e-06	0.0	0.0010022714162962751	0.0	0.0	0.00820850780083354	0.0003856694091363454	0.0	0.0003459149416113041	3.329250229876405e-06	0.0	0.0027995164471591267	0.0	0.0

