	35	36	37	38	39	40	41	42	43	44	45	46	47	48	49	50	51
17_1	1.0	0.0	6.0	24.0	253.0	1355.0	3276.0	1784.0	1911.0	5927.0	19057.0	59749.0	249987.0	1379816.0	4406251.0	17676965.0	38936055.0
	35	36	37	38	39	40	41	42	43	44	45	46	47	48	49	50	51
17_2	4.0	2.0	71.0	68.0	202.0	862.0	3143.0	1843.0	1759.0	6645.0	18839.0	62198.0	306837.0	1320022.0	4280406.0	17329994.0	39409522.0
	35	36	37	38	39	40	41	42	43	44	45	46	47	48	49	50	51
20_1	2.0	0.0	7.0	37.0	233.0	1510.0	3712.0	2078.0	2330.0	8644.0	27672.0	87017.0	354467.0	1863799.0	5529933.0	21603112.0	49675863.0
	35	36	37	38	39	40	41	42	43	44	45	46	47	48	49	50	51
20_2	1.0	0.0	316.0	120.0	285.0	1125.0	4321.0	2021.0	2445.0	8802.0	27017.0	90679.0	390864.0	1889956.0	5462734.0	21565634.0	49714096.0
	101
26	184368635.0
	101
27	218293032.0
	101
28	205923935.0
	101
29	197746790.0
	35	36	37	38	39	40	41	42	43	44	45	46	47	48	49	50	51
2_1	3.0	0.0	10.0	35.0	256.0	1224.0	3165.0	1695.0	2233.0	6362.0	20664.0	62110.0	255586.0	1667297.0	5165484.0	22052661.0	45088144.0
	37	38	39	40	41	42	43	44	45	46	47	48	49	50	51
2_2	60.0	64.0	202.0	1030.0	3524.0	1814.0	1861.0	6390.0	20504.0	65476.0	356958.0	1575305.0	5524010.0	21264728.0	45505003.0
	101
30	236154939.0
	101
31	254924708.0
	101
32	210316914.0
	101
33	229116234.0
	35	36	37	38	39	40	41	42	43	44	45	46	47	48	49	50	51
5_1	1.0	3.0	6.0	20.0	254.0	1316.0	3128.0	1630.0	1844.0	5528.0	17770.0	54284.0	228524.0	1289169.0	4185364.0	16889500.0	37485354.0
	35	36	37	38	39	40	41	42	43	44	45	46	47	48	49	50	51
5_2	2.0	3.0	63.0	50.0	233.0	1018.0	3353.0	1876.0	1950.0	6543.0	18215.0	56803.0	292000.0	1235761.0	4180999.0	16293909.0	38070917.0

