	1	2	3	4	5	6	7	8	9	10	11	12	13	14	15	16	17	18	19	20	21	22	23	24	25	26	27	28	29	30	31	32	33	34	35	36	37	38	39	40	41	42	43	44	45	46	47	48	49	50	51
17_1	36.06907447283559	36.03103616280379	36.35840733993016	36.429796563314405	36.442275815129285	36.4551164340036	36.32365775833622	36.44224308875492	36.44540934946404	36.42599828650852	36.50030588913028	36.44246022920951	36.40736228144458	36.416300712471106	36.43000041468351	36.44543102828542	36.442550659034566	36.42595534515037	36.42386607675936	36.393474770831325	36.409351469674924	36.361284164540585	36.355715794759355	36.34570333084197	36.33811221578502	36.30609253627458	36.30984247803207	36.2982621947684	36.31262324089131	36.292062075687774	36.274678576915555	36.25805581993694	36.25628493917575	36.232433841737446	36.25727890188908	36.25772938244298	36.22633602601414	36.227267258609714	36.235676538141995	36.219217360150694	36.221259176084295	36.18911271277479	36.148369836091675	36.193017933473186	36.12405571840802	36.187168125752216	36.18998659130857	36.172183477692755	36.19299765347009	36.304812587478835	36.5268681208327
	1	2	3	4	5	6	7	8	9	10	11	12	13	14	15	16	17	18	19	20	21	22	23	24	25	26	27	28	29	30	31	32	33	34	35	36	37	38	39	40	41	42	43	44	45	46	47	48	49	50	51
17_2	36.180613113573486	36.27501374940019	36.270383880051114	36.32095097976585	36.31062279859494	36.25131759681459	36.187834850930884	36.29584837761881	36.27800856489565	36.257458707369054	36.28699269116309	36.258683464711154	36.20229191893914	36.23244831226213	36.209840615832235	36.18057708894417	36.173034780418675	36.17301755264039	36.144081385561684	36.16130689029475	36.15546433275118	36.160481793024445	36.15898311586939	36.1216737917104	36.091214705549426	36.06445326046803	36.05948984319555	36.0562272209892	36.02760502020272	36.05497491207401	36.03628436947134	36.071639262570585	36.01000974023503	35.991218097511386	35.97691647497945	35.997383976871966	35.95463554537738	35.96899978591196	35.89400769263677	35.9402183750328	35.95184544258461	35.95584671936963	35.952666124852875	35.94594852953641	35.90870714958624	35.92534085292878	35.89209910296054	35.91930733795587	35.964728846923016	36.10918828527398	36.38073264985489
	1	2	3	4	5	6	7	8	9	10	11	12	13	14	15	16	17	18	19	20	21	22	23	24	25	26	27	28	29	30	31	32	33	34	35	36	37	38	39	40	41	42	43	44	45	46	47	48	49	50	51
20_1	36.24632410329605	36.173405503106416	36.4280518606264	36.48188501694772	36.486622731314625	36.497771570439625	36.383171449897915	36.49303684430556	36.49600014085912	36.47734153771551	36.541843883149845	36.484202674883136	36.4540035680273	36.46152778375818	36.47140984400407	36.488191785402016	36.483759849688795	36.468364680174915	36.47066646956352	36.44065111326679	36.461189257359166	36.417702886952874	36.415970385069166	36.405924089500424	36.394489586315984	36.36941478949175	36.37728211000133	36.36321581075969	36.378521323733615	36.358696137427145	36.34816415552288	36.33487862215966	36.33131473636009	36.30966309308289	36.33329739736985	36.335049720116984	36.309178659727124	36.31155143149332	36.316036139721305	36.302675624428204	36.30312359175344	36.290723490798484	36.26732115678538	36.29088254262876	36.223946359048	36.27660699596866	36.283112608031	36.263304410805944	36.287897712339394	36.36996306262865	36.57102391964831
	1	2	3	4	5	6	7	8	9	10	11	12	13	14	15	16	17	18	19	20	21	22	23	24	25	26	27	28	29	30	31	32	33	34	35	36	37	38	39	40	41	42	43	44	45	46	47	48	49	50	51
20_2	36.146752707335736	36.124602470039775	36.1238870974018	36.17884148505435	36.179626424268086	36.124812135790606	36.0813149162189	36.1764824040292	36.158779520182286	36.14255098147413	36.166865485046415	36.13345539319934	36.07816831991722	36.10625058581278	36.08311951260789	36.0546061426037	36.058424357116806	36.05748078395619	36.03842585355168	36.052456353800274	36.04462584262421	36.04996807254633	36.04215221920342	36.00526976822131	35.97877623649135	35.95662226292756	35.95877663887579	35.957958584521286	35.934797121926906	35.966274172830694	35.94839481451785	35.977598135398196	35.920781697340225	35.90435774848661	35.89636972157877	35.91045175993727	35.87206029636452	35.89023419025133	35.82883018068525	35.87469148955197	35.895919765398055	35.89107823320368	35.88849057858473	35.88670648531611	35.85827985383532	35.873349246631065	35.84745392345986	35.881339357903336	35.927114672447274	36.077566624237875	36.37976341857632
	1	2	3	4	5	6	7	8	9	10	12	14	16	18	20	22	24	26	28	30	32	34	36	38	40	42	44	46	48	50	52	54	56	58	60	62	64	66	68	70	72	74	76	78	80	82	84	86	88	90	92	94	96	98	100
26	39.01157744274182	38.40651235968712	38.69599007861492	38.83142491520654	38.89226777954837	39.0733168034499	39.03639102061217	39.221489882795105	39.16985496893597	39.1851138366552	39.24130887524232	39.2664133077225	39.364495622969635	39.38018553167414	39.394467371184675	39.39969648257447	39.394197736397885	39.36016573812246	39.372779440115636	39.3543957371043	39.35012240435475	39.33875717828231	39.34512022737884	39.33537010674183	39.32612349101963	39.32127189435583	39.32437735260558	39.31669438146322	39.306147650667526	39.29077319357594	39.17624478624309	39.283710897273046	39.27484247688898	39.27751727605909	39.26478191021493	39.260705999654945	39.246139078705106	39.2385949785154	39.231516810609264	39.223236978201285	39.211127253156505	39.20755168150276	39.19146653416455	39.19088149834182	39.18191675577599	39.15375604794953	39.162602308626205	39.15118184134231	39.15893776978652	39.1392321853604	39.14950496111349	39.14870864448298	39.137121736959514	39.15619540185027	39.2281053810513
	1	2	3	4	5	6	7	8	9	10	12	14	16	18	20	22	24	26	28	30	32	34	36	38	40	42	44	46	48	50	52	54	56	58	60	62	64	66	68	70	72	74	76	78	80	82	84	86	88	90	92	94	96	98	100
27	38.58348539554818	38.33862400202518	38.61043140859181	38.74918991262559	38.9805410672051	38.96453882566097	38.92312229473005	38.99107814998126	39.03496660351808	39.1481578206275	39.13529925001403	39.12318337994621	39.26321723208248	39.27949796654262	39.28587372101197	39.306720355796415	39.28861785477463	39.25584901905593	39.26322036758901	39.241804866238866	39.22616339545894	39.203593032441276	39.209229233858956	39.20173396874921	39.1863261838886	39.17101625631359	39.16745052103512	39.15210938672553	39.13237168063033	39.119471639140045	39.008277306163734	39.10803166769047	39.09440561931407	39.09422612018352	39.07060353285587	39.06806295784036	39.046201207146304	39.02394495853889	39.02699346492721	39.006332043683635	39.00186984616853	38.9878081442024	38.96045020784193	38.96566279691656	38.94879444231616	38.92424226564588	38.91219014019181	38.907302876277555	38.913962921973244	38.89614360794984	38.90325464866359	38.89987499419853	38.876348055614926	38.89823119159898	38.99457126580651
	1	2	3	4	5	6	7	8	9	10	12	14	16	18	20	22	24	26	28	30	32	34	36	38	40	42	44	46	48	50	52	54	56	58	60	62	64	66	68	70	72	74	76	78	80	82	84	86	88	90	92	94	96	98	100
28	38.861080731778905	38.433237601167484	38.71209648530708	38.94857402079226	39.062039062204256	39.14776786045854	39.235199991159426	39.19322306850495	39.29647393242691	39.212427004788964	39.276492647434736	39.30785765442171	39.39414301812518	39.40328567999612	39.419523751660954	39.42373353025825	39.417159253112025	39.38851196288655	39.39282770664698	39.38019843366912	39.3878802497501	39.37427326550032	39.377662629016385	39.37265364087526	39.36437620324939	39.36335728574579	39.366241969369455	39.35922148123606	39.350269957900494	39.3353794379132	39.221181997010305	39.32964000870061	39.32320960735556	39.32801462721684	39.31701543437391	39.31272883031983	39.302189436231245	39.29755007570905	39.28678169758402	39.28149009580625	39.27138664265499	39.270256213465046	39.25523035332787	39.253604992686604	39.24638022429487	39.218262406693384	39.22954323633914	39.2174129200981	39.22523781595426	39.20910444832457	39.220522854305436	39.221099271245734	39.21176243665052	39.226977109394596	39.29486864499866
	1	2	3	4	5	6	7	8	9	10	12	14	16	18	20	22	24	26	28	30	32	34	36	38	40	42	44	46	48	50	52	54	56	58	60	62	64	66	68	70	72	74	76	78	80	82	84	86	88	90	92	94	96	98	100
29	38.91810814027693	38.48806822323971	38.83486690933224	39.04105146614366	38.986445071067386	38.99577238449692	39.13110750142179	39.13993348205561	39.1827306072485	39.216926489993284	39.24789643766575	39.262876116537115	39.36297090570446	39.37724372042786	39.39010532388406	39.40611855898105	39.40326896169978	39.373673867729266	39.38118484132623	39.364056948573165	39.36543615596578	39.352094297477365	39.357451380081606	39.34934006229926	39.34067055660822	39.33643141016681	39.339133366095446	39.33133673398471	39.32099499908457	39.3051108695183	39.19203457996747	39.29795838441876	39.291241779201144	39.29396592583639	39.28258479200349	39.27902456154221	39.267052463344626	39.260937916443694	39.251058182062394	39.244697444768846	39.23333048554103	39.22972769758496	39.21486842883475	39.21492661010468	39.20795812558881	39.18412266583037	39.19109286043517	39.181324910951986	39.18948281392824	39.17222916359829	39.179573583029516	39.17788405864856	39.16571463798657	39.183571911826135	39.25443326061661
	1	2	3	4	5	6	7	8	9	10	11	12	13	14	15	16	17	18	19	20	21	22	23	24	25	26	27	28	29	30	31	32	33	34	35	36	37	38	39	40	41	42	43	44	45	46	47	48	49	50	51
2_1	36.306492469169186	36.212402444823795	36.43988057183735	36.485911963656655	36.48979120156867	36.495381082959724	36.387674784422735	36.49514294954426	36.489624764816234	36.49090590368126	36.541932721326404	36.48694313672549	36.464006850138	36.46244216636897	36.47885297603758	36.49529698661006	36.48439831040627	36.47794596192251	36.476148655709856	36.45094557673529	36.466144204573304	36.41969320554887	36.42791899469261	36.41572146264605	36.406382956794374	36.38103660050782	36.37502641904465	36.38320973230998	36.38688127314899	36.36990711143488	36.35134507230108	36.34235042152088	36.343582765445845	36.311821768862686	36.33830101568566	36.33653428657688	36.31012500750975	36.31764618073706	36.32495424540973	36.30605755051239	36.30955683558057	36.279686851991904	36.249844585051015	36.29544459157712	36.22555295990461	36.28875903355839	36.28644323888878	36.264756535713005	36.24638883613805	36.302914151882526	36.58411974503118
	1	2	3	4	5	6	7	8	9	10	11	12	13	14	15	16	17	18	19	20	21	22	23	24	25	26	27	28	29	30	31	32	33	34	35	36	37	38	39	40	41	42	43	44	45	46	47	48	49	50	51
2_2	36.32271374462986	36.293222021967736	36.312741762653815	36.33577821925885	36.32711347222036	36.27333892183698	36.25988695024696	36.320920598660656	36.30047829697571	36.28966695886974	36.31127031966568	36.27372601357949	36.24069982642735	36.257565331794474	36.239144746337196	36.22776046976929	36.208412528227356	36.2038887092195	36.19739405592251	36.200964652397005	36.21269520139295	36.20633577471811	36.207304399198044	36.159275077417135	36.13813624672983	36.1313814454928	36.14091082410831	36.115292940064414	36.09351175208716	36.12720496690827	36.10468632594832	36.12303801570975	36.0813051791827	36.05791429701693	36.03900689666741	36.07751641801286	36.032160709348084	36.0482942143433	35.98078650931942	36.03480757172119	36.04696858457919	36.0518498699014	36.059239190462975	36.05613915579422	36.02486724622042	36.05264659936801	36.01465121193396	36.055391912100184	36.087994361883375	36.19749801735659	36.4473247318729
	1	2	3	4	5	6	7	8	9	10	12	14	16	18	20	22	24	26	28	30	32	34	36	38	40	42	44	46	48	50	52	54	56	58	60	62	64	66	68	70	72	74	76	78	80	82	84	86	88	90	92	94	96	98	100
30	38.77205244247866	38.40086397522917	38.703286473878805	38.91135401622726	39.02740097581068	39.125649003499696	39.127249959542354	39.22950963365162	39.23826254554422	39.27604051309788	39.26663237643153	39.27573143668058	39.381382026103836	39.38990557791951	39.40362368637359	39.412246567819466	39.40654369658292	39.37473470733766	39.379174250850966	39.36222586903202	39.36485021387786	39.34989649550379	39.352829421865565	39.34219919487259	39.33272862992314	39.32666972389125	39.328472961444845	39.31860362030311	39.307296738770205	39.290528258880116	39.17611007986718	39.28128518321437	39.27208577229884	39.27155463007442	39.25862579445376	39.254445532647196	39.24009891195922	39.23071996232812	39.219081370219236	39.210651471757636	39.198522565236594	39.19503834510391	39.17704264494399	39.17517483028493	39.16510909117772	39.13891018838498	39.15122174671008	39.13694655466023	39.14357011600825	39.12424514215415	39.13502772224996	39.135420598726206	39.12279255527987	39.14236560319628	39.213559711283935
	1	2	3	4	5	6	7	8	9	10	12	14	16	18	20	22	24	26	28	30	32	34	36	38	40	42	44	46	48	50	52	54	56	58	60	62	64	66	68	70	72	74	76	78	80	82	84	86	88	90	92	94	96	98	100
31	38.613805748184284	38.17866958289924	38.68226319037227	38.89742027526981	38.999902313700304	39.035792036094634	39.06725954354159	39.187170595024845	39.16854803192892	39.19404663320226	39.227044831296	39.242805400095506	39.33148182245118	39.352566937438255	39.36140730378341	39.36218810354151	39.348146214744915	39.31261414846583	39.328705380899635	39.31588398887662	39.32882253752447	39.30150317456464	39.3013490659696	39.294862625422695	39.28197782766797	39.28276425385128	39.29218786736641	39.29296896096535	39.283547997321136	39.26203049135226	39.14893300289735	39.25756005627381	39.25495050481399	39.247547692501115	39.23468619840506	39.229677960355914	39.21879500989765	39.214706498958016	39.20460283399066	39.19715987294863	39.181265158027784	39.18009165767102	39.16513676152421	39.15876242655001	39.15328679362697	39.104044584457526	39.12167547050674	39.099748153459004	39.12157625383334	39.09804548238772	39.11792000236572	39.12438104470778	39.1216750385195	39.135177123962585	39.20120708885133
	1	2	3	4	5	6	7	8	9	10	12	14	16	18	20	22	24	26	28	30	32	34	36	38	40	42	44	46	48	50	52	54	56	58	60	62	64	66	68	70	72	74	76	78	80	82	84	86	88	90	92	94	96	98	100
32	38.6456509710891	38.23715525726147	38.50357761272806	38.712411790830195	38.84204559151887	38.90486162277695	38.982932095687055	39.017163225171046	39.0051976007102	39.095639292617534	39.09264505115911	39.0830969555394	39.24827151193222	39.258184800233096	39.27181877179697	39.28312861804942	39.26241217307005	39.226733230363905	39.22708211221247	39.207515056046475	39.19518454040001	39.164366160170566	39.170536150215796	39.161344997255284	39.138498490669576	39.118575585066594	39.10925096333895	39.08882158093709	39.06572830076442	39.05409726584459	38.937925908480665	39.03602448437556	39.020618005654214	39.01514922582953	38.9864117776669	38.98693035348097	38.96050258612078	38.93519632582531	38.9360543736027	38.91389708427002	38.908673169100496	38.89050619303188	38.85334133534511	38.85889321224464	38.84329756409624	38.820123436663124	38.800064861263515	38.792639911241224	38.80159982775146	38.78116867509365	38.79303387498139	38.786408970678885	38.7580585368716	38.782750572462604	38.89143231615996
	1	2	3	4	5	6	7	8	9	10	12	14	16	18	20	22	24	26	28	30	32	34	36	38	40	42	44	46	48	50	52	54	56	58	60	62	64	66	68	70	72	74	76	78	80	82	84	86	88	90	92	94	96	98	100
33	38.73551443943392	38.4601353501075	38.64017553800889	38.84486845336814	38.954792798503334	38.98786094038801	39.17293608151063	39.1648554977806	39.224109384660125	39.15799666798871	39.22666047328957	39.229594947438	39.335718927009765	39.33751961895882	39.363672792421255	39.35313445173828	39.338887575772326	39.297714410390874	39.293769211411764	39.28752042479435	39.296932265139105	39.27308825844267	39.2707831075614	39.25777561715035	39.245313664839784	39.24066259365797	39.24310377208569	39.23543581363974	39.22284374294091	39.20443281882653	39.088882974153094	39.189898058892645	39.1847511216603	39.17885388410916	39.16199636143769	39.153653245423826	39.140077741779024	39.13056914046944	39.12204429432451	39.111465989590116	39.0945064521056	39.0881012231916	39.0671192930964	39.06442398066797	39.05212706265554	39.01126670986797	39.02959811269476	39.00472001444342	39.0211408844044	38.997251865431394	39.01027039796378	39.01428544903743	39.00297082750996	39.024375070522204	39.10133398640636
	1	2	3	4	5	6	7	8	9	10	11	12	13	14	15	16	17	18	19	20	21	22	23	24	25	26	27	28	29	30	31	32	33	34	35	36	37	38	39	40	41	42	43	44	45	46	47	48	49	50	51
5_1	36.174198532569186	36.08180333779131	36.37649164242599	36.44039831448231	36.445891450443405	36.4569767872172	36.3349169512755	36.45460449590436	36.45776558355259	36.44505560333387	36.50961476533108	36.44868944562434	36.417199700571956	36.42028000039773	36.43314612345637	36.451629934561026	36.44812289125632	36.434346337394864	36.43348010682035	36.404492570899066	36.421807398704935	36.37014867049982	36.37479021509159	36.360873504257334	36.3497901095876	36.31987448807043	36.32292670108721	36.31449596858056	36.32871384322976	36.31003107494885	36.29092062632285	36.27998173905396	36.27737854158035	36.24990899114772	36.276168717549396	36.27890651260381	36.2466302420948	36.23914199399948	36.25551525184426	36.23316452887036	36.2394984387706	36.20756483002675	36.13154856058555	36.21051237245947	36.13916567092281	36.21091126578062	36.217729783573134	36.20245990350246	36.21896174852992	36.28803821810948	36.5448027689907
	1	2	3	4	5	6	7	8	9	10	11	12	13	14	15	16	17	18	19	20	21	22	23	24	25	26	27	28	29	30	31	32	33	34	35	36	37	38	39	40	41	42	43	44	45	46	47	48	49	50	51
5_2	36.32280360706728	36.26853823557015	36.28464060007947	36.32195711233067	36.31525760860567	36.25400668949328	36.21638374356517	36.30247423521574	36.28462596168823	36.26622131191811	36.29321859673967	36.25624327805661	36.212081649492156	36.23377807605293	36.21495468110013	36.19200428266006	36.18090900251168	36.18045750958777	36.15543407684344	36.170957361351	36.16877942835704	36.17031313496936	36.1673839381752	36.12458659698761	36.10232695531909	36.08178232872508	36.07908577137266	36.071636385442154	36.04172409448101	36.068740957992006	36.0509091001278	36.08291516489639	36.02835577137247	36.00537485761645	35.99072921003511	36.01807403369475	35.97194015183443	35.98908673561394	35.91746655653218	35.960136355184986	35.97392434129794	35.977217201720414	35.97543705214284	35.97375618943034	35.940765563313846	35.959640308106415	35.92465918001911	35.96035835216884	36.00224491017347	36.13421311728204	36.4128573137433

