	1	2	3	4	5	6	7	8	9	10	11	12	13	14	15	16	17	18	19	20	21	22	23	24	25	26	27	28	29	30	31	32	33	34	35	36	37	38	39	40	41	42	43	44	45	46	47	48	49	50	51
17_1 - Adapter 1	17325172	6421744	1192466	229684	15657	5340	997	464	887	1279	706	558	131	411	83	497	116	382	657	47	33	58	258	501	67	181	121	59	169	141	161	98	169	43	220	29	64	54	94	67	333	665	967	5432	496	711	57443	37107	1356	32684	33075
	1	2	3	4	5	6	7	8	9	10	11	12	13	14	15	16	17	18	19	20	21	22	23	24	25	26	27	28	29	30	31	32	33	34	35	36	37	38	39	40	41	42	43	44	45	46	47	48	49	50	51
17_2 - Adapter 1	15997598	5336433	1347116	284251	21736	8243	1680	491	1238	1865	1195	740	124	409	361	70	404	189	412	235	129	285	248	303	204	232	181	200	155	255	110	184	123	239	44	120	37	43	67	58	63	70	84	68	38	77	75	94	1182	74	33
	1	2	3	4	5	6	7	8	9	10	11	12	13	14	15	16	17	18	19	20	21	22	23	24	25	26	27	28	29	30	31	32	33	34	35	36	37	38	39	40	41	42	43	44	45	46	47	48	49	50	51
20_1 - Adapter 1	21280987	7980105	1566512	314528	23834	6173	1314	440	1421	1717	922	653	128	552	82	477	91	402	708	48	56	71	311	603	114	183	155	68	166	157	197	85	293	91	250	190	117	400	145	202	194	666	826	1055	352	488	1013	2203	8097	59855	1095485
	1	2	3	4	5	6	7	8	9	10	11	12	13	14	15	16	17	18	19	20	21	22	23	24	25	26	27	28	29	30	31	32	33	34	35	36	37	38	39	40	41	42	43	44	45	46	47	48	49	50	51
20_2 - Adapter 1	20583662	7116627	1805054	397632	33293	12994	3179	726	2015	2700	2227	962	149	567	476	62	426	279	487	253	194	354	313	410	282	266	215	280	216	310	152	237	181	167	203	137	85	138	93	72	77	79	106	58	25	55	65	102	865	61	54
	1	2	3	4	5	6	7	8	9	10	11	12	13	14	15	16	17	18	19	20	21	22	23	24	25	26	27	28	29	30	31	32	33	34	35	36	37	38	39	40	41	42	43	44	45	46	47	48	49	50	51	52	53	54	55	56	57	58	59	60	61	62	63	64	65	66	67	68	69	70	71	72	73	74	75	76	77	78	79	80	81	82	83	84	85	86	87	88	89	90	91	92	93	94	95	96	97	98	99	100	101
26 - Adapter 1	39401391	12296320	3351950	710615	151242	17955	3705	1588	3812	4487	2415	1252	926	744	891	785	801	826	1007	1148	991	653	657	646	626	581	836	763	653	540	590	597	509	677	672	620	622	555	622	710	650	581	559	562	591	523	514	535	516	458	502	522	538	617	901	581	515	378	705	568	594	570	821	741	336	354	382	376	280	204	173	286	151	228	205	257	194	204	191	242	281	199	203	245	291	191	172	258	200	208	171	212	219	189	198	238	279	489	348	2621	16831
	1	2	3	4	5	6	7	8	9	10	11	12	13	14	15	16	17	18	19	20	21	22	23	24	25	26	27	28	29	30	31	32	33	34	35	36	37	38	39	40	41	42	43	44	45	46	47	48	49	50	51	52	53	54	55	56	57	58	59	60	61	62	63	64	65	66	67	68	69	70	71	72	73	74	75	76	77	78	79	80	81	82	83	84	85	86	87	88	89	90	91	92	93	94	95	96	97	98	99	100	101
27 - Adapter 1	41927845	13298035	3496655	788986	147121	14516	5037	3491	4862	5218	3464	2432	2092	1887	1911	1709	1666	1416	1472	1536	1334	1118	1054	1098	992	871	1037	1015	923	825	763	897	711	878	809	729	768	720	872	746	732	682	712	715	697	698	646	611	638	666	658	625	725	773	931	626	638	530	1107	760	974	728	1245	1144	507	525	686	541	347	247	174	283	136	199	183	254	181	187	168	183	230	193	182	267	263	222	236	248	288	253	222	318	299	485	321	392	415	615	414	2928	18840
	1	2	3	4	5	6	7	8	9	10	11	12	13	14	15	16	17	18	19	20	21	22	23	24	25	26	27	28	29	30	31	32	33	34	35	36	37	38	39	40	41	42	43	44	45	46	47	48	49	50	51	52	53	54	55	56	57	58	59	60	61	62	63	64	65	66	67	68	69	70	71	72	73	74	75	76	77	78	79	80	81	82	83	84	85	86	87	88	89	90	91	92	93	94	95	96	97	98	99	100	101
28 - Adapter 1	46049891	14162407	4052983	906796	183537	21801	5161	2570	5407	5964	3600	1912	1561	1326	1375	1164	1275	1146	1263	1340	1095	883	835	804	792	738	840	868	791	669	690	644	591	680	828	580	637	634	811	714	771	655	584	556	699	596	519	553	628	579	547	523	596	720	868	564	480	493	808	603	626	540	869	882	373	407	478	439	338	243	209	315	210	310	232	219	225	246	280	296	316	250	246	367	351	277	263	318	272	279	196	310	347	412	277	383	425	782	505	3471	22175
	1	2	3	4	5	6	7	8	9	10	11	12	13	14	15	16	17	18	19	20	21	22	23	24	25	26	27	28	29	30	31	32	33	34	35	36	37	38	39	40	41	42	43	44	45	46	47	48	49	50	51	52	53	54	55	56	57	58	59	60	61	62	63	64	65	66	67	68	69	70	71	72	73	74	75	76	77	78	79	80	81	82	83	84	85	86	87	88	89	90	91	92	93	94	95	96	97	98	99	100	101
29 - Adapter 1	43486428	13572224	3826214	881600	177935	24717	7758	4414	6892	7012	4740	2828	2370	2046	2018	1733	1722	1540	1549	1489	1364	1111	1003	1059	1035	889	982	855	817	803	750	734	623	687	707	637	597	676	817	663	691	707	620	665	667	617	579	527	648	614	535	526	594	676	849	590	532	497	896	613	715	620	1011	992	429	454	526	506	394	262	182	342	193	274	270	256	229	258	240	275	404	254	278	375	376	355	290	360	319	376	292	415	516	628	551	624	741	932	805	3842	25915
	1	2	3	4	5	6	7	8	9	10	11	12	13	14	15	16	17	18	19	20	21	22	23	24	25	26	27	28	29	30	31	32	33	34	35	36	37	38	39	40	41	42	43	44	45	46	47	48	49	50	51
2_1 - Adapter 1	20148559	7717329	1311658	244605	16482	6816	900	256	865	1198	523	365	93	242	39	224	31	143	335	20	32	30	152	256	36	87	83	33	105	117	140	39	151	101	106	73	53	61	19	41	63	186	229	1388	288	402	8450	4025	1593	40709	44304
	1	2	3	4	5	6	7	8	9	10	11	12	13	14	15	16	17	18	19	20	21	22	23	24	25	26	27	28	29	30	31	32	33	34	35	36	37	38	39	40	41	42	43	44	45	46	47	48	49	50	51
2_2 - Adapter 1	17985017	6025016	1473333	300407	23602	8791	1793	375	1404	1767	1122	524	69	253	266	45	188	130	235	160	120	158	172	177	162	147	105	155	130	187	124	125	105	180	50	92	53	73	56	77	72	61	83	43	19	37	51	109	545	70	82
	1	2	3	4	5	6	7	8	9	10	11	12	13	14	15	16	17	18	19	20	21	22	23	24	25	26	27	28	29	30	31	32	33	34	35	36	37	38	39	40	41	42	43	44	45	46	47	48	49	50	51	52	53	54	55	56	57	58	59	60	61	62	63	64	65	66	67	68	69	70	71	72	73	74	75	76	77	78	79	80	81	82	83	84	85	86	87	88	89	90	91	92	93	94	95	96	97	98	99	100	101
30 - Adapter 1	49291514	15843359	4280849	877259	210628	32916	13559	8821	11307	11722	8484	6043	5285	4679	4749	3970	3889	3630	3587	3848	3187	2596	2397	2858	2403	1982	2150	2061	2113	1667	1719	1745	1459	1672	1737	1658	1416	1522	1716	1616	1659	1499	1529	1502	1652	1580	1387	1166	1189	1181	1279	1249	1229	1842	2301	1512	1181	1349	2680	2061	2538	1906	3596	3700	1334	1550	2093	1860	922	589	382	526	357	521	449	617	353	444	512	539	579	517	603	940	1165	1094	1117	1109	1100	964	857	1269	993	1384	1233	1226	2069	2375	2080	22365	153806
	1	2	3	4	5	6	7	8	9	10	11	12	13	14	15	16	17	18	19	20	21	22	23	24	25	26	27	28	29	30	31	32	33	34	35	36	37	38	39	40	41	42	43	44	45	46	47	48	49	50	51	52	53	54	55	56	57	58	59	60	61	62	63	64	65	66	67	68	69	70	71	72	73	74	75	76	77	78	79	80	81	82	83	84	85	86	87	88	89	90	91	92	93	94	95	96	97	98	99	100	101
31 - Adapter 1	49428585	16847215	3743182	671349	184591	47004	30344	26683	26839	25496	18801	14901	13351	12740	12774	10305	9388	9226	9588	9408	8425	7012	6744	6859	6226	5286	6043	5531	5673	4641	5084	4517	3726	4423	3760	4108	3760	3351	3285	3074	3493	3096	2734	2786	2987	2903	2679	2463	2243	2210	2274	2073	2084	2249	3124	2148	1610	1608	2674	1899	2249	1830	2998	2885	1113	1174	1473	1274	763	485	328	391	281	339	323	457	298	268	326	524	853	393	435	520	814	670	674	618	755	617	569	800	1074	2977	1463	2041	2002	2114	2221	17935	116787
	1	2	3	4	5	6	7	8	9	10	11	12	13	14	15	16	17	18	19	20	21	22	23	24	25	26	27	28	29	30	31	32	33	34	35	36	37	38	39	40	41	42	43	44	45	46	47	48	49	50	51	52	53	54	55	56	57	58	59	60	61	62	63	64	65	66	67	68	69	70	71	72	73	74	75	76	77	78	79	80	81	82	83	84	85	86	87	88	89	90	91	92	93	94	95	96	97	98	99	100	101
32 - Adapter 1	37945047	12376520	3141746	690832	124591	13459	5866	3739	4664	4777	3472	2609	2287	2047	2027	1822	1964	1580	1536	1791	1578	1303	1154	1209	1135	953	1148	1208	1134	897	977	858	842	870	902	773	802	699	916	826	767	833	702	751	784	754	792	706	713	734	714	744	785	728	1088	651	752	494	1169	821	1032	695	1282	1263	478	540	623	530	339	223	163	217	170	178	215	262	149	187	187	249	528	198	311	223	250	222	270	268	267	277	254	346	299	786	460	471	369	439	351	600	3528
	1	2	3	4	5	6	7	8	9	10	11	12	13	14	15	16	17	18	19	20	21	22	23	24	25	26	27	28	29	30	31	32	33	34	35	36	37	38	39	40	41	42	43	44	45	46	47	48	49	50	51	52	53	54	55	56	57	58	59	60	61	62	63	64	65	66	67	68	69	70	71	72	73	74	75	76	77	78	79	80	81	82	83	84	85	86	87	88	89	90	91	92	93	94	95	96	97	98	99	100	101
33 - Adapter 1	42651625	14379238	3397028	642217	166901	29570	13914	9686	11208	11416	8151	5966	4998	4904	4838	4072	3889	3660	4003	4348	3531	2816	2643	2640	2468	2118	2690	2595	2494	2016	2143	1975	1743	2011	1910	1771	1721	1328	1729	1646	1764	1646	1364	1337	1416	1517	1394	1216	1189	1164	1163	1071	1173	1116	1836	1081	955	809	1692	1252	1493	1017	1939	1990	838	970	1135	1021	636	391	219	322	270	293	317	384	225	262	280	370	442	298	352	475	615	461	556	519	537	484	492	655	852	2882	964	1901	1067	1273	800	2155	12720
	1	2	3	4	5	6	7	8	9	10	11	12	13	14	15	16	17	18	19	20	21	22	23	24	25	26	27	28	29	30	31	32	33	34	35	36	37	38	39	40	41	42	43	44	45	46	47	48	49	50	51
5_1 - Adapter 1	16961191	6047634	1148130	220781	14369	5909	948	338	853	1237	623	532	54	404	85	441	89	315	537	48	33	36	209	465	60	148	127	51	131	166	181	50	164	27	170	77	77	111	82	79	65	417	531	1752	503	923	13773	10474	6581	131237	217197
	1	2	3	4	5	6	7	8	9	10	11	12	13	14	15	16	17	18	19	20	21	22	23	24	25	26	27	28	29	30	31	32	33	34	35	36	37	38	39	40	41	42	43	44	45	46	47	48	49	50	51
5_2 - Adapter 1	15301869	5011934	1250624	264519	19539	7350	1457	485	1192	1614	977	681	100	358	371	52	298	200	343	185	168	229	204	300	185	180	142	176	127	207	151	174	146	148	123	106	138	36	35	51	24	51	58	65	31	43	31	80	1731	56	41

