	1	2	3	4	5	6	7	8	9	10	11	12	13	14	15	16	17	18	19	20	21	22	23	24	25	26	27	28	29	30	31	32	33	34	35	36	37	38	39	40	41	42	43	44	45	46	47	48	49	50	51
17_1	36.06872346023903	36.03153852042391	36.35783036538105	36.43012871180911	36.4420303253539	36.45492026550396	36.3248393666441	36.442643467177874	36.44501484537964	36.425644855218124	36.50008173896138	36.44292697554192	36.408282406461964	36.41689622827249	36.43084688624603	36.44598659627665	36.442402736891694	36.42575014284196	36.42421650731116	36.39316714560104	36.40910666543178	36.36150645901958	36.35567518860486	36.344754442596624	36.335886629933306	36.30259836818209	36.30379580372239	36.29001659276212	36.30088558749657	36.278369878546435	36.260145110444185	36.241351476784835	36.23810284516135	36.211623868427	36.23679899038636	36.237082454714525	36.20510080453389	36.20566323480402	36.21045889137847	36.18923491172989	36.18497331990368	36.134287845888416	36.09433710474151	36.13330450358289	36.002804717774616	36.098336082627476	36.10532762224067	36.01912265158623	35.98207012338774	35.974242038315566	35.908103376163815
	1	2	3	4	5	6	7	8	9	10	11	12	13	14	15	16	17	18	19	20	21	22	23	24	25	26	27	28	29	30	31	32	33	34	35	36	37	38	39	40	41	42	43	44	45	46	47	48	49	50	51
17_2	36.17177247092665	36.26824318865497	36.26088241069833	36.31054517711678	36.29877535639088	36.23626490194026	36.167646267117824	36.26894230102739	36.24908064985765	36.22398607946519	36.24690706448239	36.21424926935792	36.1593164955695	36.184293617506	36.159400936052556	36.13035144948273	36.120734223547686	36.1204756903133	36.08973932260212	36.09986409991187	36.09245400922314	36.09770047589974	36.0956571373398	36.051767466975335	36.01331585616155	35.97992724762261	35.97339796456996	35.96240613427436	35.93305139966157	35.95316799797496	35.9341780059254	35.96107266635903	35.90561522358949	35.88933732023744	35.869044031249224	35.88775331289857	35.84383810179051	35.85233311349242	35.781456399921254	35.828229511713594	35.83925135773605	35.8370540596048	35.83239540627741	35.81447186373461	35.76520948010658	35.77603567744262	35.72389088914241	35.72140600575451	35.70048345850065	35.62296974827913	35.327345609520464
	1	2	3	4	5	6	7	8	9	10	11	12	13	14	15	16	17	18	19	20	21	22	23	24	25	26	27	28	29	30	31	32	33	34	35	36	37	38	39	40	41	42	43	44	45	46	47	48	49	50	51
20_1	36.24651256254136	36.17706719732246	36.42645062653536	36.48525214925601	36.48689109971327	36.49823449639274	36.39025464444249	36.49037054075107	36.49484436766982	36.47815456149195	36.54182489389647	36.487812216651314	36.46083166111709	36.46587145272203	36.47761125964775	36.4924092617199	36.484254099927924	36.468834120325994	36.47484181993182	36.44227849939546	36.462702924653655	36.42397778707984	36.42227703805902	36.409994965160365	36.395969950435834	36.37251681446444	36.37824371716288	36.36426503872845	36.373511225610535	36.35434634401113	36.3472403429512	36.334527031793264	36.32947104522543	36.30217894509296	36.32539220107181	36.33126437413529	36.30092072282492	36.29933414819355	36.21182383306192	36.28554900050261	36.23841487296135	36.23839601116368	36.21608866653762	36.22042191087923	35.87086546092553	36.13388905158621	36.240413999873006	36.132575112738905	36.140628610421075	36.15442316615804	36.07766997424886
	1	2	3	4	5	6	7	8	9	10	11	12	13	14	15	16	17	18	19	20	21	22	23	24	25	26	27	28	29	30	31	32	33	34	35	36	37	38	39	40	41	42	43	44	45	46	47	48	49	50	51
20_2	36.12396188013969	36.10894618087909	36.102735538934006	36.15363343972321	36.15024404368972	36.08804215985929	36.02449062420288	36.08780982151483	36.06697621447568	36.0259402502382	36.024155570380024	35.97913543051618	35.93229968624723	35.94102116643753	35.907951987013305	35.88636478363125	35.8801407132575	35.882278044117406	35.8547126002976	35.8334995738274	35.820992843190716	35.832355289795345	35.82975076836382	35.76434562951261	35.69934928083248	35.6484770747036	35.64644525112147	35.61298367861028	35.59114655233747	35.59612469696976	35.58407497504813	35.57504709171816	35.50716825439624	35.49473119241819	35.4606052727161	35.45399418383544	35.40280444462046	35.40352558174542	35.33750835128443	35.36931503297625	35.382898281043964	35.372911356570526	35.36694086952222	35.35688865194853	35.31833765515666	35.325133251130396	35.27861532557923	35.28293566444985	35.24496380517571	35.1415966923556	34.70205605267367
	1	2	3	4	5	6	7	8	9	10	12	14	16	18	20	22	24	26	28	30	32	34	36	38	40	42	44	46	48	50	52	54	56	58	60	62	64	66	68	70	72	74	76	78	80	82	84	86	88	90	92	94	96	98	100
26	38.99965286394836	38.390015487178715	38.67626994146808	38.80959320982118	38.86896476724471	39.048271209471174	39.0096175686282	39.193256515675785	39.14118160065566	39.156292177896745	39.21096115128259	39.23556137951556	39.333543435953736	39.34846898443436	39.361747362831	39.36553948560719	39.3581960863354	39.32021317237609	39.330341711864385	39.31020364987786	39.303898971210586	39.29042596101012	39.29424444401837	39.281765268805074	39.270202407258694	39.262691970356016	39.26291422345238	39.25210221901355	39.2386093328727	39.220061126449195	39.10312533636754	39.20702957420062	39.19472586267182	39.19515258113182	39.178924058856325	39.17075819051326	39.15228625248541	39.14130667344801	39.13081667334577	39.11879873168232	39.10336942886191	39.09682446257738	39.07691251551545	39.07336408928775	39.060513129036295	39.028408771915025	39.0347147821537	39.01871161274259	39.02217505434153	38.99676648905059	39.00209193662469	38.9926730785852	38.968943820080895	38.95522374508007	38.82478395254161
	1	2	3	4	5	6	7	8	9	10	12	14	16	18	20	22	24	26	28	30	32	34	36	38	40	42	44	46	48	50	52	54	56	58	60	62	64	66	68	70	72	74	76	78	80	82	84	86	88	90	92	94	96	98	100
27	38.5725444685747	38.32047192876042	38.58925385213395	38.72657070428157	38.95566407726656	38.938259715042115	38.89493844219453	38.961995552840186	39.004720814909014	39.11752615859951	39.103386806684696	39.09056962935949	39.23022091470148	39.245668941004034	39.25084577367545	39.26949665530323	39.24888110720822	39.21088127082315	39.214822315079665	39.190694831706764	39.17182614193567	39.145969182836765	39.148126881118216	39.135511515090414	39.11650237649363	39.09692454590122	39.08800632491101	39.06732757278299	39.041134771539575	39.02357613045569	38.908443873279474	39.002504420296845	38.98427441788431	38.97931600491948	38.95104239974091	38.941873540883336	38.91432893744405	38.88738996258937	38.88413105875043	38.85802479714515	38.847673300905	38.82891535218587	38.79463470689252	38.79602715857646	38.77274858457232	38.741610765202985	38.725121778051076	38.71389568678491	38.71460653402808	38.68802229564524	38.68847522810532	38.671388745931196	38.62848965788335	38.606301480571304	38.44794899591665
	1	2	3	4	5	6	7	8	9	10	12	14	16	18	20	22	24	26	28	30	32	34	36	38	40	42	44	46	48	50	52	54	56	58	60	62	64	66	68	70	72	74	76	78	80	82	84	86	88	90	92	94	96	98	100
28	38.850995179360766	38.41730851248545	38.692567928055574	38.92654137072507	39.03863411992394	39.12249636740867	39.20781026256127	39.165226062720684	39.26739847410161	39.18361352214836	39.246198136219576	39.277027988514305	39.363237651320134	39.371729595202225	39.38707506002156	39.389869676878504	39.38159752774732	39.34936621621959	39.35160716989989	39.33740420947181	39.34319800901241	39.327709683189575	39.32904500149533	39.32187098843075	39.31178342867234	39.30848548518656	39.30919306441963	39.29962615322012	39.28844107412769	39.27094773368623	39.154803675444526	39.260041245326825	39.25042001067044	39.253721287911475	39.23972014957853	39.23222601831108	39.21829218395618	39.21071129735356	39.1971349955021	39.1887692244226	39.17605696977382	39.172533744073995	39.15433778739708	39.15028988009577	39.139807152577966	39.10874976966616	39.11812161612005	39.10224315109363	39.10661647709869	39.08576700663767	39.09289421601234	39.086146287462896	39.06674804218363	39.053154471819894	38.93384368844739
	1	2	3	4	5	6	7	8	9	10	12	14	16	18	20	22	24	26	28	30	32	34	36	38	40	42	44	46	48	50	52	54	56	58	60	62	64	66	68	70	72	74	76	78	80	82	84	86	88	90	92	94	96	98	100
29	38.90787513162666	38.4720880070923	38.8152967995081	39.019597420519446	38.96378028690124	38.97081412042137	39.10464149127275	39.11254916957186	39.15443661563356	39.18849771720694	39.218134011176616	39.23264753121909	39.33262663833886	39.34626188875177	39.358288534038905	39.372847422706585	39.36834347601799	39.33525749520384	39.34065512264446	39.321946555997194	39.321457781944275	39.30609967929189	39.309257245086	39.298742141402144	39.28796135957504	39.2811911662384	39.28119817267324	39.27059752272085	39.25771968283278	39.23888780444932	39.12351141578581	39.22588483737208	39.21548484554414	39.21642669901241	39.20181199907215	39.19450380711616	39.17874706841006	39.16926423938411	39.15628431945722	39.146284152071445	39.131813049910946	39.12579196102247	39.10731650814661	39.10482926170382	39.094295763283945	39.06709712456015	39.07191290184787	39.0578458163594	39.06236014501171	39.03977659763782	39.042599725639036	39.03303668292163	39.00964834877978	38.996559446047144	38.87196151704916
	1	2	3	4	5	6	7	8	9	10	11	12	13	14	15	16	17	18	19	20	21	22	23	24	25	26	27	28	29	30	31	32	33	34	35	36	37	38	39	40	41	42	43	44	45	46	47	48	49	50	51
2_1	36.305526251461295	36.21197594481537	36.43906900821908	36.48569874318365	36.48935082465199	36.49502147465288	36.38794006947334	36.49491483766267	36.48909815714302	36.490529051724984	36.541560327347845	36.486890155249114	36.46405861864682	36.46242906120876	36.47893686015199	36.49525646350867	36.48396044991984	36.47743148381659	36.47603430514397	36.450529847667994	36.46568769173821	36.419680947668375	36.427577358940795	36.414898024375525	36.40479751289065	36.378838200082235	36.371555052409065	36.378675365425096	36.38079385736494	36.36280737496904	36.34373264634679	36.33369452140287	36.33354005517973	36.300658702043236	36.326606484710275	36.32442443536546	36.29695155158172	36.304463661589295	36.309387851213614	36.28862086769041	36.288161015101686	36.254434070040624	36.22063569208949	36.26523504813915	36.16420045035559	36.23622564488792	36.23587605153403	36.17278809492891	36.12200017622257	36.10009246984751	36.09301429661864
	1	2	3	4	5	6	7	8	9	10	11	12	13	14	15	16	17	18	19	20	21	22	23	24	25	26	27	28	29	30	31	32	33	34	35	36	37	38	39	40	41	42	43	44	45	46	47	48	49	50	51
2_2	36.30849334566211	36.281569025944826	36.29974782087391	36.320304071758436	36.30976419058024	36.25139089225656	36.23405277513887	36.29036883792145	36.26622481604211	36.25367870371719	36.26902541607767	36.22715290712468	36.19355188211799	36.20593487725021	36.185685473430496	36.172683456355365	36.15168881792493	36.14482004227566	36.13675846879131	36.13573883834216	36.14515927329649	36.1374365541189	36.13490483375144	36.08272390750868	36.05811987738657	36.04770595324879	36.05541805716203	36.02395057920394	36.00125697376788	36.02933927217684	36.003631308378154	36.01383581985474	35.97553110259675	35.95273254192972	35.93509437205458	35.97129343255928	35.92475620780727	35.93504362466822	35.86965820742598	35.92346266652332	35.93206369226377	35.932276073282104	35.9365001065995	35.92217966178862	35.87944862298388	35.90273468774616	35.84467905614318	35.86057540258473	35.82507680713328	35.742087189178584	35.43267914958714
	1	2	3	4	5	6	7	8	9	10	12	14	16	18	20	22	24	26	28	30	32	34	36	38	40	42	44	46	48	50	52	54	56	58	60	62	64	66	68	70	72	74	76	78	80	82	84	86	88	90	92	94	96	98	100
30	38.76064709364389	38.3852971374865	38.68495370321262	38.89134059567562	39.004804307734595	39.1014970938211	39.10110159499988	39.202364639089765	39.21062278947297	39.24809015321928	39.23755137088198	39.24632272459057	39.35178625249925	39.35969818738367	39.37246046969189	39.37959878323781	39.37218669815752	39.33684876266763	39.338834742727954	39.320330255722496	39.32084562499877	39.30380517470354	39.3039983699007	39.29063373940276	39.278862950226085	39.26978356781265	39.26835038796288	39.25513570774821	39.240650357518035	39.22072866534458	39.10364715683545	39.2008942548519	39.182821698258024	39.185101417675625	39.16504595950882	39.15460435278044	39.13041238150856	39.1155333511784	39.097570161342254	39.08384475710669	39.067449918970354	39.061995182323926	39.03887779793587	39.03432138465671	39.019819822612305	38.991671887074105	39.0060132809672	38.98694665666086	38.98927537568884	38.96377776371639	38.96915983196946	38.960779355116514	38.935528583206974	38.9213602705976	38.78732272882931
	1	2	3	4	5	6	7	8	9	10	12	14	16	18	20	22	24	26	28	30	32	34	36	38	40	42	44	46	48	50	52	54	56	58	60	62	64	66	68	70	72	74	76	78	80	82	84	86	88	90	92	94	96	98	100
31	38.603516329221414	38.161743556846595	38.66029892245675	38.87271587656384	38.973420253952	39.0067263115194	39.03555628668211	39.153838481595905	39.134482315460765	39.159915976053604	39.1912581400309	39.20685481181369	39.29514425490683	39.315617690145594	39.32328790389357	39.322574155895474	39.306699464769025	39.26758441162949	39.28131620337092	39.267069740058304	39.27810757362916	39.24886724985481	39.245837878923844	39.23645490259814	39.22158940356617	39.21936547045098	39.22588396963075	39.2229055353081	39.21046413829765	39.18533576980698	39.069772277624814	39.17290826121099	39.16321348890199	39.15577282920728	39.13791740618567	39.12744198181056	39.109616430354016	39.10124710626323	39.08590686705817	39.07348040190753	39.05389551922131	39.05030957415081	39.031041781167794	39.02201500805485	39.01269226520012	38.95993268333959	38.97795470457105	38.951750983274636	38.9695319529404	38.93982441474445	38.955506774572825	38.95285192991179	38.938328620150855	38.91756153938597	38.77848131731507
	1	2	3	4	5	6	7	8	9	10	12	14	16	18	20	22	24	26	28	30	32	34	36	38	40	42	44	46	48	50	52	54	56	58	60	62	64	66	68	70	72	74	76	78	80	82	84	86	88	90	92	94	96	98	100
32	38.63424941181859	38.221593799155876	38.48548982608217	38.692635386424506	38.821037522450524	38.88210131306891	38.958363638789415	38.9915879613943	38.979200878727234	39.06919214305322	39.06507857233014	39.0548753320905	39.21979076537801	39.2290746454182	39.24164000428421	39.25116241958552	39.228280073090076	39.18813475220543	39.185594000775424	39.163460455206184	39.148043563914214	39.11417001867953	39.11695060578913	39.10285389600192	39.076105716823136	39.051516593667785	39.03684123094351	39.01067657829935	38.981147883331914	38.96459517516503	38.84436306202173	38.93701480661703	38.91717710587937	38.906043222467595	38.87210731895772	38.86628700010309	38.83367903781624	38.80381639918889	38.79765317400958	38.76972824449108	38.758100834438835	38.7345236127799	38.6893407679042	38.69020889351771	38.66774473497648	38.636566997650036	38.61029703012854	38.594546775253654	38.59697933519507	38.567088940835255	38.570719255133234	38.54812920800083	38.496768588474055	38.471201386589385	38.2996373225598
	1	2	3	4	5	6	7	8	9	10	12	14	16	18	20	22	24	26	28	30	32	34	36	38	40	42	44	46	48	50	52	54	56	58	60	62	64	66	68	70	72	74	76	78	80	82	84	86	88	90	92	94	96	98	100
33	38.7255350400007	38.44500861514684	38.62254556348897	38.825299611899176	38.9330998693004	38.96424842161119	39.147079639062156	39.138107638413786	39.19640271758308	39.13050164092694	39.19755785179325	39.20021415418341	39.30609044272262	39.30734095865071	39.332486448777786	39.32087308138978	39.304966078920444	39.26035148604966	39.2543354719247	39.24639503720195	39.25362375675222	39.227632176426226	39.22230059219636	39.206066574488126	39.190917030348885	39.1826740875987	39.18176997881346	39.1698972125214	39.15342392542992	39.130850169263866	39.01175642796224	39.10857888620848	39.09952536143729	39.08933167084092	39.068084697568835	39.05421880537719	39.03570663831704	39.02143291164606	39.00823847776758	38.992223547546615	38.97039243626884	38.96040676454206	38.934114913044525	38.927775772536485	38.910756007363496	38.864015168388285	38.878902889089915	38.846614760174525	38.857818977157244	38.825967805493875	38.83363837937385	38.826491349801074	38.79951032627396	38.78080782132618	38.62535374948595
	1	2	3	4	5	6	7	8	9	10	11	12	13	14	15	16	17	18	19	20	21	22	23	24	25	26	27	28	29	30	31	32	33	34	35	36	37	38	39	40	41	42	43	44	45	46	47	48	49	50	51
5_1	36.17376077051119	36.08340940495759	36.37496784397966	36.44156548230623	36.445540071965326	36.45675417708304	36.3381016574863	36.45595924585417	36.457044152623936	36.44514362025138	36.5093203966279	36.45002639881078	36.41985973434644	36.421925465182944	36.43558832282492	36.453235410491324	36.44800803873499	36.43370286682026	36.43492553108648	36.40461542463441	36.421911104362856	36.37198365226737	36.37682530968219	36.361664738178064	36.349042774051696	36.31925082061532	36.32039017882795	36.31117388983506	36.320445727277885	36.30155573057805	36.28307661289753	36.27137153062158	36.26674093072242	36.239072882741	36.264054260630104	36.257911889519285	36.231197018813226	36.224042792591575	36.23306347776519	36.211810015226696	36.21339035816489	36.177593358609364	36.08519403044719	36.16882779100489	35.97217014174489	36.12864981895306	36.15274415916359	36.014259260500026	35.99025268314404	36.02063817955263	35.90865384384525
	1	2	3	4	5	6	7	8	9	10	11	12	13	14	15	16	17	18	19	20	21	22	23	24	25	26	27	28	29	30	31	32	33	34	35	36	37	38	39	40	41	42	43	44	45	46	47	48	49	50	51
5_2	36.31126770056261	36.26036537483278	36.273877194543985	36.30952362550206	36.30089539879491	36.235849826045424	36.19133563854414	36.26744245013542	36.246921785638335	36.22017698547272	36.23699134502959	36.194046941432035	36.15328957106109	36.1661880308382	36.14390577240976	36.122955795849975	36.10435394634588	36.10431445409063	36.07398506690787	36.07542463939424	36.07107457412647	36.074005378160365	36.072518518019876	36.01742102109919	35.98007404631647	35.94632139864415	35.94042033156374	35.91879503079058	35.88790327788212	35.90058090680767	35.883764802012244	35.89569468763513	35.83377262649842	35.791999244727236	35.76589257026185	35.78712796104455	35.739743157376154	35.751223608909086	35.67820076588864	35.717450030703084	35.728124308225716	35.726621712774254	35.72294495859732	35.71159776236604	35.6692290647344	35.68260216976145	35.63017093735673	35.63857131525417	35.61036606794763	35.52329040839752	35.18598711452104

