	1	2	3	4	5	6	7	8	9	10	11	12	13	14	15	16	17	18	19	20	21	22	23	24	25	26	27	28	29	30	31	32	33	34	35	36	37	38	39	40
17_1 - polya	0.002272784613955819	0.0068263229323792226	0.010829994005490735	0.01854885507518781	0.023945523169756115	0.029498385438355045	0.035537362228171734	0.0422186477132368	0.05432050856440548	0.06709655447286961	0.0727562025543262	0.07724917578486018	0.08284188350601794	0.08835490032205805	0.09298494190939441	0.09815528783342854	0.10279329851127667	0.10694838230411174	0.11061097630331965	0.11455408228854173	0.11983121402543355	0.1251099395804277	0.13087477965663963	0.13590327576956432	0.1415868311225562	0.1493503190991192	0.15605073040141249	0.16521837212614873	0.1725579044874857	0.18052858881735462	0.18676360523376076	0.19201842351721962	0.1981944686638387	0.20405015637188476	0.2103839895106368	0.2148594307420449	0.219709419227506	0.22379437502383753	0.22795424027097969	0.2330974912872738
	1	2	3	4	5	6	7	8	9	10	11	12	13	14	15	16	17	18	19	20	21	22	23	24	25	26	27	28	29	30	31	32	33	34	35	36	37	38	39	40
17_1 - polyg	0.0	0.0	0.0007363439632872288	0.0011523304880014424	0.0014057475662756186	0.0018153588185804191	0.002481574785364102	0.002974064578991275	0.0035589958225549392	0.00396860707485974	0.004842019394949353	0.005156001561112955	0.007967496693664191	0.009175610815248	0.014094133479110312	0.02466592895201981	0.04063439251949762	0.0550982917983539	0.0617477009213719	0.06884975438545825	0.07526805988363502	0.08323236894109451	0.08495369249163608	0.08659532513705999	0.08819392469372035	0.08880435702692167	0.09072012638595035	0.09228366194435896	0.09899363615526638	0.10741218337189656	0.11629931311061861	0.12008303728560536	0.12085603906524672	0.12309057204474606	0.1254653610172525	0.12877412739773797	0.12953597245066284	0.13015596769247828	0.13190119851455515	0.1329371802810848
	1	2	3	4	5	6	7	8	9	10	11	12	13	14	15	16	17	18	19	20	21	22	23	24	25	26	27	28	29	30	31	32	33	34	35	36	37	38	39	40
17_2 - polya	0.006284424777579098	0.009905579506125816	0.013988941484354993	0.021098964038953106	0.027611304805168727	0.03298884708250879	0.03832335627108532	0.045850959168499995	0.05544255650846221	0.06512340766215621	0.07096634482538344	0.07699257107038131	0.08346028492973102	0.09039179985686557	0.09889163179671577	0.11168202206810107	0.12015794673641597	0.1292267717388063	0.13595109031263491	0.14419909899231328	0.1517697349784915	0.1606313636275759	0.1681685294336047	0.1751765476296522	0.1813207164142242	0.1895065661879108	0.19595037277572525	0.2019702237483137	0.20788010127183976	0.21391748424355408	0.21945440833112947	0.22455303244055771	0.23062866704672852	0.23628831512818513	0.2422970093740571	0.24740200875589477	0.2522169332431041	0.2574590009817441	0.2623217400120241	0.2682332113536525
	1	2	3	4	5	6	7	8	9	10	11	12	13	14	15	16	17	18	19	20	21	22	23	24	25	26	27	28	29	30	31	32	33	34	35	36	37	38	39	40
17_2 - polyg	0.6742137460212921	0.6877659813456023	0.6881038707833012	0.6884369787666931	0.6886633009372272	0.6889740954671861	0.6894235521720498	0.6902603066757852	0.6911671891760243	0.6922605483942387	0.6933300003409177	0.6944807370108168	0.6960570231140442	0.6966610801748361	0.6971551637865656	0.6976795299422399	0.6982293971875517	0.6986692909838013	0.6991745313222473	0.6996160189365992	0.7000654756414628	0.7005276828911452	0.700986702504623	0.7014728170258407	0.7020131213625386	0.7025629886078504	0.7030299773118399	0.7034921845615224	0.7040308950801178	0.704577574689225	0.7056996226332817	0.7067228538549926	0.7073587872778315	0.7079373432489857	0.7086704995760683	0.709264993728246	0.7098228300640698	0.7114724318000054	0.7121322724943797	0.7127028593750222
	1	2	3	4	5	6	7	8	9	10	11	12	13	14	15	16	17	18	19	20	21	22	23	24	25	26	27	28	29	30	31	32	33	34	35	36	37	38	39	40
20_1 - polya	0.0032958391729522997	0.008495407603719515	0.012626260074226998	0.019332894865029513	0.024259599646368712	0.028216122563074958	0.03290533490880088	0.038979077623846746	0.04931505160356914	0.05947037974130909	0.06368839698871719	0.06714340662383583	0.07176440305720476	0.07609485023423829	0.07948164395699993	0.08371861006895163	0.08741111213968356	0.09110614072568796	0.09408363897430756	0.0975260160330638	0.10194868101754291	0.10623238766203554	0.11128162843409009	0.11563228773330347	0.12033034288248308	0.12756249284996177	0.1331549344055999	0.14162634011423084	0.14776450896872498	0.15386856986704062	0.15915656633234468	0.1642323355147603	0.16981972403985346	0.174905599283359	0.18001673967958937	0.18380398607303933	0.18826454878660567	0.1918155660020786	0.19544995822154346	0.200089903519456
	1	2	3	4	5	6	7	8	9	10	11	12	13	14	15	16	17	18	19	20	21	22	23	24	25	26	27	28	29	30	31	32	33	34	35	36	37	38	39	40
20_2 - polya	0.006067426426864659	0.011887254357026117	0.019584283134641434	0.034067531934142435	0.049282206905026875	0.06215227570304835	0.07474442782109685	0.0902382827295905	0.10790367751478214	0.12493744348185336	0.13750433044717703	0.1499777363474189	0.1628642274947115	0.17634697624630977	0.19176124592372026	0.21020859718574494	0.2241296963371188	0.23848030308481452	0.2510989836132241	0.26483059411916177	0.2775073844988384	0.291117722271697	0.3031098270125311	0.314471566192881	0.32507029776094154	0.3374489593384653	0.3482611814470505	0.3589900285516438	0.3698313055858625	0.3806182625417229	0.390512096348761	0.4000547445329241	0.4099043643226938	0.4199333666968097	0.4299737383896517	0.43932058164019755	0.44879627716963993	0.45823912800054006	0.4673724807105612	0.4779484736411693
	1	2	3	4	5	6	7	8	9	10	11	12	13	14	15	16	17	18	19	20	21	22	23	24	25	26	27	28	29	30	31	32	33	34	35	36	37	38	39	40
20_2 - polyg	2.3461283983146326	2.3753526004714276	2.3761762444502565	2.3767573429629274	2.3771994831356116	2.3777767918753736	2.3787520267705515	2.3806292276180057	2.382867720149424	2.385538246792437	2.388357837836527	2.3916132527651195	2.3955912510616417	2.3968431393791563	2.397827217077788	2.3988352966715083	2.399762527776509	2.4005583800873405	2.4013554956558085	2.402129872586824	2.402925724897656	2.4037784238021183	2.404609647326765	2.405526772370676	2.4064211587771345	2.407253645559417	2.4079547535475307	2.40874807934309	2.409519929758833	2.410333467676572	2.411758422290252	2.4130747367472147	2.4139931250487616	2.4148167690275906	2.4158046364991312	2.41662828047796	2.4173129661168025	2.4191017389297196	2.419874852603099	2.4207060761277455
	1	2	3	4	5	6	7	8	9	10	12	14	16	18	20	22	24	26	28	30	32	34	36	38	40	42	44	46	48	50	52	54	56	58	60	62	64	66	68	70	72	74	76	78	80	82	84	86	88	90
26 - polya	0.008860509272631975	0.013395445488870707	0.015412599870905375	0.018788445225512464	0.02100465732688209	0.02324473465890768	0.025350298872690573	0.030932050888156763	0.038507092055001656	0.04725939420227307	0.05306542514674473	0.06272840280018345	0.082912150431661	0.09676130649879791	0.10977843384261103	0.12461121708689768	0.1358297738658205	0.14780523813066143	0.15672215613029838	0.16505844391590793	0.17230181261579552	0.1805646063388168	0.18751020204711066	0.19419002586855405	0.20291385245652005	0.21026108914892166	0.21814366635626498	0.22794468267338422	0.2373123280974554	0.24830308040193494	0.25784293516085316	0.2698268064955842	0.2798868148044813	0.28898516279626413	0.2982747038290976	0.30678347214535706	0.3191801034921151	0.3329744780070645	0.34490329659380514	0.3605203781001036	0.37345370594081795	0.38229821466107833	0.39215048698494726	0.400593083525297	0.40722436329801975	0.4141119231044912	0.42415837162324277	0.4369512200380504	0.44647453185299113	0.45568271414495204
	1	2	3	4	5	6	7	8	9	10	12	14	16	18	20	22	24	26	28	30	32	34	36	38	40	42	44	46	48	50	52	54	56	58	60	62	64	66	68	70	72	74	76	78	80	82	84	86	88	90
27 - polya	0.004472428602301882	0.006546246515097193	0.007621864906801056	0.009371806242537325	0.010457502830415586	0.011651769077081672	0.012844202924443323	0.016060979903380516	0.02038590036167531	0.025066306285030666	0.02823360848274809	0.0337773035284058	0.045449687097662374	0.052939390204630996	0.05967254144878065	0.06714827251105293	0.07295583305654942	0.07921805767945905	0.08395045793307777	0.08828179178893808	0.09229978536373987	0.09672571683369169	0.10041021373508616	0.10412883907352571	0.10918282540507293	0.113155696147003	0.11756719747243238	0.12326046211131467	0.12855105700304717	0.13436251139706556	0.139547743328793	0.14628135267276876	0.15179458407999025	0.15668823547239932	0.16176558489507809	0.16652066109008923	0.1735960129043423	0.18134614576245384	0.1877320573384129	0.19597831230820045	0.2029063850283595	0.2077395672437222	0.21310735195615405	0.21752572477897508	0.22117838374245496	0.2250248189323789	0.23081474263457022	0.23825588715997129	0.24361359367622876	0.248777065866216
	1	2	3	4	5	6	7	8	9	10	12	14	16	18	20	22	24	26	28	30	32	34	36	38	40	42	44	46	48	50	52	54	56	58	60	62	64	66	68	70	72	74	76	78	80	82	84	86	88	90
27 - polyg	0.0	0.0	0.005733577423579879	0.0062072526437765545	0.006433095858048277	0.0066667267693638526	0.007009385439293362	0.0074826025596639294	0.008653505715198458	0.00940570562966939	0.010667541600686548	0.011647646178646692	0.012356555659550324	0.013897603474580902	0.014729054658968684	0.015661745904926548	0.016690180014541187	0.0182023675405269	0.019564985473288034	0.021369211638418213	0.0229283543965801	0.024264173489513857	0.025885388774113505	0.02833942954257926	0.030087080379184984	0.03150489934099225	0.03296371823723626	0.03425212399816775	0.036002294383817066	0.03769016319311557	0.0391111888537056	0.04055741000473162	0.04397300230820011	0.04782401849638517	0.049626183212297864	0.051263890090637435	0.05352369653283299	0.05607416731469468	0.05890224659117841	0.061374382302775476	0.06399837810672766	0.06678202170007883	0.07117909288098578	0.0761203866553102	0.0809283733802369	0.08677968245912678	0.09243698626165951	0.0968977333183956	0.10070958197144836	0.10483477090555965
	1	2	3	4	5	6	7	8	9	10	12	14	16	18	20	22	24	26	28	30	32	34	36	38	40	42	44	46	48	50	52	54	56	58	60	62	64	66	68	70	72	74	76	78	80	82	84	86	88	90
28 - polya	0.00968658645727608	0.014298483563846038	0.016373035995062936	0.01992531854055722	0.02208679627261396	0.024276925360813446	0.026385956542642797	0.03274024459565616	0.041243384359375225	0.05092851396803388	0.057231812319437275	0.0683992853963285	0.09172537422616754	0.10692200496265769	0.12083830857253189	0.1364933610073059	0.14828120878711842	0.16096331880992854	0.17061712617331248	0.17966245643081752	0.18792788706179298	0.19688362112932623	0.20450123974175222	0.2115370901396188	0.2216493192012866	0.22983899370415586	0.238731354856831	0.2499825967292243	0.26059743856390466	0.27231948534783	0.2826405293779958	0.2963655002027812	0.3075164623286749	0.3171685700353385	0.32723296590073414	0.3364079556851902	0.35054084412285536	0.36610217262990824	0.37888067746957144	0.3955188599130062	0.40960075864906137	0.4192103749377167	0.42990995680031074	0.43875545598912535	0.44594233302699854	0.45369179643930174	0.4654274404769897	0.4799306112715843	0.49060664074819665	0.5006377719034943
	1	2	3	4	5	6	7	8	9	10	12	14	16	18	20	22	24	26	28	30	32	34	36	38	40	42	44	46	48	50	52	54	56	58	60	62	64	66	68	70	72	74	76	78	80	82	84	86	88	90
29 - polya	0.008376874284533266	0.012454816586403248	0.014289486064476697	0.017390927053733716	0.019225090834597114	0.02112954652765792	0.022984949591343555	0.02854003344377929	0.03621095442307812	0.04478378637650705	0.05019348228105245	0.06022752632293045	0.08132723671519523	0.0943711905513106	0.1065041308635149	0.12033115682939784	0.13056950254413738	0.1412108889352894	0.1495890274628478	0.1575138084415934	0.1647397158760453	0.1725400953411178	0.17915587909164038	0.18544447674725845	0.19399404662902492	0.2011514320915146	0.20886483163645791	0.21860253711324468	0.2278990217742599	0.2380182757960319	0.24733296555660905	0.2598542813261343	0.2697039987349479	0.2781382696528222	0.28683297463387397	0.2949600344966409	0.3074090355651285	0.32098296007737975	0.3321335835590555	0.3467009502404565	0.3588268107917201	0.3673607040599749	0.37672975627063277	0.38466970816567997	0.39112493305201057	0.3981978670804214	0.4089535410410454	0.4221995209125772	0.4315137049759442	0.44051233398023804
	1	2	3	4	5	6	7	8	9	10	11	12	13	14	15	16	17	18	19	20	21	22	23	24	25	26	27	28	29	30	31	32	33	34	35	36	37	38	39	40
2_1 - polya	0.003086364566468231	0.009179714663039556	0.014211538324151668	0.02141754033723094	0.02678437043995185	0.03119999751368713	0.03587932443704219	0.04165246757336093	0.052290603853685384	0.06361758872077171	0.06816102949712882	0.07231295672124433	0.07781836378575523	0.08343813047892777	0.0874178455563528	0.09262457217894741	0.09739404139783576	0.1014786982521503	0.10499828400013675	0.1092793703342701	0.11454260406749753	0.12006550142815668	0.1266203262615626	0.13189163243916616	0.13773204594528585	0.14530938039966645	0.15225840960010603	0.16034968967976598	0.16714130621487133	0.17327501853332322	0.17889209441170373	0.18407594910856603	0.18969033417215447	0.19573255878767706	0.20081012630025386	0.20493918159863703	0.20946378667144985	0.2132766712317685	0.21705188438499862	0.22187516989972772
	1	2	3	4	5	6	7	8	9	10	11	12	13	14	15	16	17	18	19	20	21	22	23	24	25	26	27	28	29	30	31	32	33	34	35	36	37	38	39	40
2_2 - polya	0.00559824017483623	0.009355963031918081	0.013875186475146848	0.02317060617424406	0.030912080330939007	0.036644861245377164	0.042709957786632086	0.05127347586229481	0.062799581023992	0.07299776908581815	0.07934271036544507	0.08576972149622918	0.09295688780576418	0.1006337824074502	0.11037318654723377	0.1237519176932495	0.13290203339357665	0.14212076487110076	0.14951108769743468	0.15824412710499583	0.16662466977479992	0.1754761050332108	0.1828812273409009	0.18993250750343796	0.19644427930017128	0.20481136789601517	0.21132986672972862	0.21789949104449075	0.22446104291487678	0.2310912105624598	0.23712267191881425	0.24290388749950909	0.2495528908506364	0.2557673276128494	0.2621889571140495	0.268019952768397	0.27372448012751877	0.27938057282038387	0.2851483343271185	0.2925507658200166
	1	2	3	4	5	6	7	8	9	10	11	12	13	14	15	16	17	18	19	20	21	22	23	24	25	26	27	28	29	30	31	32	33	34	35	36	37	38	39	40
2_2 - polyg	0.7174062041497773	0.7321935768394252	0.7325164746144698	0.7328380269821184	0.7330788549060059	0.7334152067550107	0.7338753360844493	0.73462203718924	0.7356230202918783	0.7367437446527624	0.7377971986438455	0.7390672632256877	0.7406763704713267	0.7413342746879802	0.7418993457943083	0.7424509628266762	0.7430052706738361	0.7435192162991154	0.7440223986652267	0.7445201994017538	0.7449655292498362	0.7454633299863633	0.7459544036859104	0.7465275472366146	0.7473280646372461	0.7479402250024348	0.7484043905540615	0.7490273141784184	0.7496206388400629	0.7501493839466985	0.7520020099310171	0.7537147135461496	0.7546174819088786	0.7553305478287687	0.7562817508577544	0.7568387495197064	0.7573123329231052	0.7599318411231547	0.7605466923031355	0.7613122291114705
	1	2	3	4	5	6	7	8	9	10	12	14	16	18	20	22	24	26	28	30	32	34	36	38	40	42	44	46	48	50	52	54	56	58	60	62	64	66	68	70	72	74	76	78	80	82	84	86	88	90
30 - polya	0.008665920808880479	0.01276323083803892	0.014559085719566508	0.01760708464369657	0.01948254827734092	0.021470226375405174	0.02341810009741105	0.02882006206950429	0.036534065459456685	0.0449287660250883	0.05057865844592816	0.060681771301001663	0.0817236771829701	0.09502892505669763	0.10754147301573058	0.12137836338032296	0.1317901718752535	0.14300039687080185	0.1513495764744518	0.15932738971849325	0.1663924547434513	0.17419051311901634	0.18090728985346355	0.18717647908265853	0.19591967966420554	0.2029546796817152	0.2108566952309221	0.22080778924551733	0.23020310407312716	0.24062147605559925	0.25004770279227573	0.2624819123516193	0.2724480388699387	0.28107860153625663	0.29017093730993276	0.2986323313780026	0.31169134260622006	0.32584963213494345	0.33735246163960175	0.35239322265455564	0.36499173112784233	0.37362377587199225	0.38336483828525814	0.39137377516377075	0.39793196957019816	0.4048784683685993	0.4154177355570785	0.4286482443629942	0.43812359139352997	0.44746555141918926
	1	2	3	4	5	6	7	8	9	10	12	14	16	18	20	22	24	26	28	30	32	34	36	38	40	42	44	46	48	50	52	54	56	58	60	62	64	66	68	70	72	74	76	78	80	82	84	86	88	90
30 - polyg	0.0	0.0	0.007628042875698653	0.008653217284606527	0.00916347550961024	0.009519174189280877	0.009874025967333252	0.010385554544764359	0.011277341948795743	0.012029178860409098	0.013798356340961389	0.015386508600609874	0.01629819819267045	0.018086430959633665	0.0189828763225655	0.0199756567445748	0.02096822544117953	0.022709878619138257	0.024289561862604107	0.026034814372440457	0.027379270691433644	0.0288876024735608	0.030319289659235117	0.03221084442362647	0.03377401308553619	0.03530203533028797	0.03698652264901392	0.03829773807949026	0.03976944136662752	0.04137029715054996	0.04298491508576918	0.045075703455857	0.06158943811037549	0.08046835725929916	0.08232603595895999	0.08401264053173159	0.0864872870602973	0.0888505660260614	0.09165148140306309	0.09368764461877294	0.09585126652803141	0.0985344625800945	0.10901127077422675	0.12175777530530496	0.13159326724900722	0.14907670425643732	0.15743710530652927	0.16105866835162824	0.16391336198138967	0.1659850950650666
	1	2	3	4	5	6	7	8	9	10	12	14	16	18	20	22	24	26	28	30	32	34	36	38	40	42	44	46	48	50	52	54	56	58	60	62	64	66	68	70	72	74	76	78	80	82	84	86	88	90
31 - illumina_universal_adapter	0.01226009053622217	0.013037967273066367	0.013452599502438187	0.013868800822555026	0.014335213046512542	0.014991485250617605	0.015448482930104994	0.016593134628597867	0.016746120976237424	0.017032676173546896	0.017340414095914157	0.017680514514897473	0.018044151295056106	0.01853390374384581	0.019159382542079835	0.019808005428802924	0.0202379362929387	0.020710624879876294	0.021220383235665018	0.021713077729601633	0.02218203972601981	0.022662966039368772	0.023218816435792485	0.023825858417772513	0.02450664766476853	0.025305903263013643	0.026145759084286173	0.027215682836047417	0.028376417714676756	0.0297195593924148	0.0311660649229811	0.032855975655368796	0.03486401953630952	0.03682891342176216	0.038974056606549096	0.04129238818231774	0.04372035997389473	0.04649353172937634	0.04941851301443876	0.05266182358439732	0.05631564752052202	0.06039018391265549	0.06455357006822579	0.06941755524144799	0.07479227945217456	0.08153230874741259	0.0884653362042882	0.09632138129192247	0.10590009188124676	0.1138681308208069
	1	2	3	4	5	6	7	8	9	10	12	14	16	18	20	22	24	26	28	30	32	34	36	38	40	42	44	46	48	50	52	54	56	58	60	62	64	66	68	70	72	74	76	78	80	82	84	86	88	90
31 - polya	0.0055184921502391205	0.008115337333249	0.00931255357170008	0.011291961546544165	0.01247309460485878	0.013687963114191348	0.01496128025377595	0.018246564001163826	0.023224896662429443	0.028530384744031953	0.03202729960565454	0.03818225418934284	0.05120629578204715	0.05935674152071599	0.06721415956275215	0.07592614365179541	0.08230037866710041	0.08902687455466263	0.0943129451382955	0.09926440712055262	0.10364668143505337	0.1085818641008309	0.11262443026903457	0.11641064623677043	0.12165140932514082	0.1260256420495733	0.13089492290405996	0.1366627043464143	0.14221610876573015	0.1486383971851014	0.15456838338322232	0.16264763162933582	0.16899087710242666	0.17430028791089172	0.17978131801959346	0.18475827772645717	0.1923081539824692	0.20094168353426142	0.2080908532412637	0.21751951952809534	0.22535987370827937	0.2307897122314248	0.23705273794017645	0.24235391102223014	0.24647963899991993	0.2509017289920756	0.2576782396471353	0.2663568805578469	0.27228706289231097	0.27810093637530026
	1	2	3	4	5	6	7	8	9	10	12	14	16	18	20	22	24	26	28	30	32	34	36	38	40	42	44	46	48	50	52	54	56	58	60	62	64	66	68	70	72	74	76	78	80	82	84	86	88	90
31 - polyg	0.0	0.0	0.010746310239963088	0.01185212694251669	0.012313439621552886	0.012642556405321057	0.013011685003087265	0.013412587688440149	0.014297162595945781	0.015204685455597345	0.017278042738799567	0.019036993463968192	0.020181841298804196	0.02247447901362311	0.023442608003301113	0.02455313197808978	0.025722496855816738	0.02805867683880999	0.02995315777707981	0.032138312775864784	0.033762713969647855	0.03556128423612826	0.03737319177394134	0.03983509515287942	0.04176546904194159	0.043642886118359314	0.04567819295099477	0.04704859758042755	0.04855355174124589	0.05000888340725294	0.051300833499434664	0.05272184130539438	0.06176372672357833	0.07488877853299336	0.07641981882744767	0.07771510323746256	0.07984730142360308	0.08191575529822712	0.0840789430265818	0.08558958514135084	0.08702177271886882	0.08879562980611515	0.09457870988323344	0.10205542728325886	0.10778515827504645	0.11866013395610125	0.1253754500721052	0.12826100795219897	0.13048735158304076	0.13220923253935823
	1	2	3	4	5	6	7	8	9	10	12	14	16	18	20	22	24	26	28	30	32	34	36	38	40	42	44	46	48	50	52	54	56	58	60	62	64	66	68	70	72	74	76	78	80	82	84	86	88	90
32 - polya	0.0031010344702946716	0.004530306107477404	0.005172194567290009	0.006316182444556028	0.006958070904368633	0.007712170976415145	0.008416821863409425	0.01050652540479935	0.013341295032505088	0.01645992200132796	0.01851253865392871	0.022368148669203086	0.030183259535654844	0.03503094382603959	0.039669895498751946	0.044703251969549156	0.04856385445062207	0.052612744213240026	0.05581172610777277	0.05880839426923124	0.06145844266239091	0.06441802393506021	0.06687312842561013	0.06923527795772051	0.0725338714317575	0.07518439529785037	0.078202222004836	0.08194704682667606	0.0854139577190639	0.08919087696389459	0.09267585582774385	0.09741299266116087	0.10117041751573057	0.10438199944299298	0.10775238932994233	0.110837495456975	0.11560387387578347	0.12088376306244204	0.12528046127569178	0.1308867626309884	0.13568190716225514	0.138939847700504	0.14254179290591912	0.1456059782238912	0.14809935828556328	0.15069567823727198	0.15473315664949325	0.1596852072487142	0.1632438844172086	0.16664090078841687
	1	2	3	4	5	6	7	8	9	10	12	14	16	18	20	22	24	26	28	30	32	34	36	38	40	42	44	46	48	50	52	54	56	58	60	62	64	66	68	70	72	74	76	78	80	82	84	86	88	90
32 - polyg	0.0	0.0	0.003092000484563976	0.003580786659887944	0.003870349676203408	0.004233610997164023	0.004625400694116309	0.00490212594123552	0.0059472154483970795	0.00649044327457182	0.007620880173241796	0.008628169582214391	0.00937299793206361	0.010656061642289025	0.01152546390063521	0.012510168345281064	0.013628005211221386	0.015190884742631779	0.016636560196009724	0.018629267259027964	0.020404445455109714	0.021788547163638962	0.023633857617366902	0.026290800368057893	0.02831417543526718	0.029671175186604344	0.031128975199778752	0.03253471092676835	0.034516957585256317	0.036367498241249394	0.03774209049111475	0.0390926713578538	0.04082600793581442	0.042944715326129215	0.044846607058907306	0.04648199621262986	0.0487357379159719	0.0514944318743665	0.05482036504206219	0.05745400961902665	0.0600355899098063	0.06294762388915615	0.0671446234704642	0.07141175530941843	0.07571740045596143	0.0801364458970713	0.08564598851046283	0.09070858656665151	0.09525458328092433	0.10019498479328201
	1	2	3	4	5	6	7	8	9	10	12	14	16	18	20	22	24	26	28	30	32	34	36	38	40	42	44	46	48	50	52	54	56	58	60	62	64	66	68	70	72	74	76	78	80	82	84	86	88	90
33 - polya	0.00454834640831256	0.006774290816948397	0.007786004373657783	0.009655797676911885	0.010737344783696121	0.01187213997241243	0.013015664354888096	0.016347161153146397	0.020798613510730105	0.025680196890806088	0.02896695657104769	0.03507891981150493	0.04741610758144707	0.05496533257438231	0.062196814914477	0.07020279497087055	0.07621742770091097	0.08280775075938093	0.08785213360306891	0.09249868344117423	0.09655579447067902	0.10117899371547806	0.10496659088766272	0.108583095862164	0.11369207473967122	0.11791504045060378	0.1226414624116072	0.12846994508472936	0.13414697624612668	0.14022205864295062	0.1458973439655961	0.15345333408369483	0.15943239534916587	0.16450427515319582	0.16965406301152802	0.17442500386070417	0.18190352238418864	0.1902481951584452	0.19686361464897334	0.2060181383742542	0.21347221515521245	0.21842428677489523	0.22417726192199894	0.22893772773866386	0.2327491119638428	0.23697011360617948	0.24343822795201844	0.2513737197688052	0.25683099347731075	0.2621123739315652
	1	2	3	4	5	6	7	8	9	10	11	12	13	14	15	16	17	18	19	20	21	22	23	24	25	26	27	28	29	30	31	32	33	34	35	36	37	38	39	40
5_1 - polya	0.0027425177260140023	0.008786029514975768	0.01382395147106573	0.02240055235969134	0.028746572164492223	0.034655451265086026	0.04118430558495451	0.04877526222417024	0.06190444253797909	0.07603755055270459	0.08191651127810551	0.08668682998941471	0.09340516735217144	0.09950851589151896	0.10459463967430857	0.11037719674631022	0.11554476499490265	0.12016881609415778	0.12420779674519658	0.12869721515608376	0.13488034602927895	0.1411981095908421	0.14801285060699812	0.1542225755914759	0.16063508067448318	0.1687496088795743	0.1763289305951039	0.18603079481737284	0.19432150900971093	0.20249919822909812	0.20907126797980077	0.21487377063526433	0.22141592201077412	0.22818079906827532	0.23481602983327404	0.2399121264077946	0.24508301892029735	0.24940456200371336	0.25394218224130016	0.2595136485549965
	1	2	3	4	5	6	7	8	9	10	11	12	13	14	15	16	17	18	19	20	21	22	23	24	25	26	27	28	29	30	31	32	33	34	35	36	37	38	39	40
5_2 - polya	0.007030818170326806	0.01122936348906097	0.016021289915787253	0.0249203444037139	0.03302988621293955	0.039367595357964635	0.04589478754587796	0.055422127912855085	0.06787149625700349	0.07945655598446871	0.08660538552361187	0.09364617648566964	0.10138340073693944	0.10989684061126898	0.12030677304643606	0.13626490194792723	0.146463743624789	0.15749365127923076	0.16579267613134466	0.17576546786230468	0.1853476585838021	0.19623462289010007	0.2050140038772552	0.21366041430799754	0.221238073891572	0.23104299029506084	0.2388450376925819	0.24619664733025456	0.25331223423029453	0.2607752067089629	0.2672292650908492	0.2734306794155512	0.28059114387838047	0.287327764692644	0.2943635692588362	0.3003389336376365	0.30631097375252636	0.31265533142537205	0.31872543732561637	0.3265357953829132
	1	2	3	4	5	6	7	8	9	10	11	12	13	14	15	16	17	18	19	20	21	22	23	24	25	26	27	28	29	30	31	32	33	34	35	36	37	38	39	40
5_2 - polyg	1.261122675394189	1.2786066414305173	1.2790171880234418	1.279374546393801	1.2796404875066267	1.2800427234397755	1.2806676850549157	1.2817031932629803	1.2829647514169467	1.2843476452036398	1.2856989584831848	1.287352779778569	1.2893888914236402	1.2902465515125028	1.2909213770862977	1.291661025806344	1.2923940259985693	1.2929990420302477	1.293605720193881	1.2942323439409764	1.294863954083937	1.2955204962062254	1.2961770383285136	1.2968402289786225	1.2976280795253683	1.2983810253010557	1.2989511365616757	1.2996525562467531	1.3004038398904854	1.3010720169364598	1.3029801444209834	1.3046106958689954	1.305593015854495	1.3063343267064964	1.3072784176570271	1.3079947965297012	1.3086214202767965	1.310963364201617	1.31161824419195	1.3125822807259429

