	20	21	22	23	24	25	26	27	28	29	30	31	32	33	34	35	36	37	38	39	40	41	42	43	44	45	46	47	48	49	50	51
17_1	499.0	787.0	1161.0	1725.0	2793.0	4653.0	6234.0	6990.0	6922.0	5964.0	5621.0	6183.0	5901.0	5738.0	4442.0	3458.0	3654.0	4332.0	7233.0	11678.0	15264.0	19456.0	18277.0	21932.0	46332.0	117113.0	322714.0	1183341.0	3978345.0	11689797.0	25650247.0	19298484.0
	20	21	22	23	24	25	26	27	28	29	30	31	32	33	34	35	36	37	38	39	40	41	42	43	44	45	46	47	48	49	50	51
17_2	5537.0	5914.0	5352.0	4359.0	3949.0	3913.0	4380.0	4562.0	4932.0	5068.0	4940.0	4629.0	3910.0	4219.0	4384.0	4746.0	5026.0	5913.0	6445.0	8055.0	10394.0	13653.0	15147.0	22387.0	45532.0	124596.0	348001.0	1228203.0	3959650.0	10002947.0	26153110.0	20433417.0
	20	21	22	23	24	25	26	27	28	29	30	31	32	33	34	35	36	37	38	39	40	41	42	43	44	45	46	47	48	49	50	51
20_1	450.0	603.0	832.0	1259.0	1814.0	2904.0	3809.0	3909.0	3883.0	3161.0	2860.0	3151.0	3011.0	2790.0	2424.0	2328.0	2756.0	3272.0	5105.0	7442.0	10228.0	13194.0	12748.0	18617.0	48086.0	143286.0	419556.0	1544527.0	5160095.0	14120765.0	31660583.0	24428411.0
	20	21	22	23	24	25	26	27	28	29	30	31	32	33	34	35	36	37	38	39	40	41	42	43	44	45	46	47	48	49	50	51
20_2	17700.0	17666.0	15712.0	12781.0	10942.0	10580.0	11809.0	12071.0	13124.0	13535.0	13137.0	12528.0	9719.0	9836.0	10290.0	11652.0	11071.0	12798.0	13169.0	16243.0	20160.0	24838.0	27147.0	40365.0	74139.0	186296.0	510674.0	1695526.0	5326804.0	13113664.0	32131071.0	24230812.0
	20	22	24	26	28	30	32	34	36	38	40	42	44	46	48	50	52	54	56	58	60	62	64	66	68	70	72	74	76	78	80	82	84	86	88	90	92	94	96	98	100
26	13438.0	14788.0	19968.0	19363.0	17376.0	16819.0	17693.0	18630.0	19787.0	20774.0	20862.0	21688.0	22632.0	22902.0	23415.0	21448.0	23059.0	23244.0	23792.0	25505.0	25638.0	27604.0	26914.0	26798.0	28265.0	26927.0	27299.0	26934.0	27055.0	28334.0	31013.0	31254.0	34285.0	36936.0	40031.0	48832.0	58509.0	107766.0	1061359.0	16183770.0	165767237.0
	20	22	24	26	28	30	32	34	36	38	40	42	44	46	48	50	52	54	56	58	60	62	64	66	68	70	72	74	76	78	80	82	84	86	88	90	92	94	96	98	100
27	21633.0	23413.0	33233.0	33466.0	29298.0	30311.0	32042.0	34127.0	39322.0	38796.0	41741.0	46246.0	45584.0	52917.0	44731.0	38602.0	49117.0	45549.0	48176.0	48124.0	46691.0	52089.0	48421.0	48685.0	58037.0	55017.0	53020.0	52076.0	52198.0	56919.0	57702.0	56123.0	65522.0	62447.0	72468.0	88577.0	101525.0	172936.0	1258034.0	17588489.0	197104940.0
	20	22	24	26	28	30	32	34	36	38	40	42	44	46	48	50	52	54	56	58	60	62	64	66	68	70	72	74	76	78	80	82	84	86	88	90	92	94	96	98	100
28	14170.0	15454.0	19993.0	18706.0	17259.0	16399.0	17598.0	17521.0	18014.0	18568.0	19197.0	19459.0	20062.0	20344.0	21342.0	20250.0	20953.0	21010.0	21640.0	22851.0	23408.0	24786.0	23810.0	24093.0	25029.0	24067.0	25091.0	24934.0	25115.0	26468.0	28052.0	28853.0	31824.0	34815.0	37969.0	49165.0	58709.0	108857.0	1288372.0	18768645.0	184534711.0
	20	22	24	26	28	30	32	34	36	38	40	42	44	46	48	50	52	54	56	58	60	62	64	66	68	70	72	74	76	78	80	82	84	86	88	90	92	94	96	98	100
29	13284.0	14462.0	19062.0	18093.0	17060.0	16086.0	17517.0	18575.0	18860.0	19865.0	20167.0	20987.0	21870.0	22201.0	23594.0	22193.0	23243.0	23162.0	23907.0	25070.0	25003.0	27210.0	26064.0	25937.0	27522.0	26786.0	26606.0	27017.0	27023.0	28276.0	30555.0	31546.0	35530.0	38450.0	41696.0	53599.0	64107.0	118050.0	1265168.0	17956234.0	177128096.0
	20	21	22	23	24	25	26	27	28	29	30	31	32	33	34	35	36	37	38	39	40	41	42	43	44	45	46	47	48	49	50	51
2_1	305.0	412.0	732.0	1044.0	1713.0	2890.0	3728.0	3961.0	3686.0	3534.0	3686.0	4393.0	4498.0	4216.0	3147.0	2558.0	2471.0	2749.0	4397.0	8261.0	11388.0	15007.0	14241.0	17476.0	41779.0	115761.0	377485.0	1359116.0	4669325.0	14126417.0	30263769.0	22959984.0
	20	21	22	23	24	25	26	27	28	29	30	31	32	33	34	35	36	37	38	39	40	41	42	43	44	45	46	47	48	49	50	51
2_2	9939.0	10321.0	9699.0	7634.0	6195.0	5967.0	6622.0	7672.0	7601.0	7741.0	8089.0	8111.0	5425.0	6048.0	5855.0	6662.0	6912.0	7935.0	7506.0	9707.0	14816.0	15992.0	18615.0	33594.0	49970.0	137434.0	394711.0	1365007.0	4438348.0	12052306.0	31073494.0	24288201.0
	20	22	24	26	28	30	32	34	36	38	40	42	44	46	48	50	52	54	56	58	60	62	64	66	68	70	72	74	76	78	80	82	84	86	88	90	92	94	96	98	100
30	17891.0	19760.0	25497.0	25464.0	22976.0	21941.0	23644.0	26133.0	26688.0	27859.0	29034.0	30035.0	31019.0	32225.0	32551.0	31478.0	32298.0	33264.0	34521.0	37457.0	37844.0	41812.0	40663.0	42480.0	42288.0	39483.0	40162.0	38956.0	40589.0	41883.0	46463.0	47838.0	54999.0	60585.0	63510.0	77851.0	92005.0	163933.0	1354145.0	20810224.0	211883511.0
	20	22	24	26	28	30	32	34	36	38	40	42	44	46	48	50	52	54	56	58	60	62	64	66	68	70	72	74	76	78	80	82	84	86	88	90	92	94	96	98	100
31	20107.0	20764.0	26374.0	25622.0	23218.0	22383.0	24591.0	27713.0	28267.0	29947.0	30495.0	31578.0	33994.0	35194.0	37636.0	35244.0	37097.0	38030.0	40532.0	42915.0	42693.0	46235.0	45268.0	46031.0	48424.0	46981.0	48540.0	47283.0	49452.0	50697.0	56999.0	59572.0	68190.0	77402.0	81659.0	102460.0	126403.0	197643.0	1131100.0	21278651.0	230071155.0
	20	22	24	26	28	30	32	34	36	38	40	42	44	46	48	50	52	54	56	58	60	62	64	66	68	70	72	74	76	78	80	82	84	86	88	90	92	94	96	98	100
32	17801.0	19655.0	28062.0	28510.0	25332.0	27460.0	29369.0	32012.0	38456.0	37930.0	42461.0	46048.0	45508.0	54095.0	45232.0	39767.0	50566.0	46627.0	50720.0	51150.0	50431.0	54736.0	51375.0	53909.0	63285.0	59318.0	57368.0	58487.0	58235.0	63525.0	64716.0	65483.0	75385.0	71055.0	80689.0	96648.0	113343.0	192852.0	1172808.0	16364512.0	190402563.0
	20	22	24	26	28	30	32	34	36	38	40	42	44	46	48	50	52	54	56	58	60	62	64	66	68	70	72	74	76	78	80	82	84	86	88	90	92	94	96	98	100
33	15297.0	16645.0	22618.0	23431.0	21280.0	21139.0	24191.0	27297.0	28738.0	31825.0	33029.0	34656.0	35800.0	38509.0	40250.0	37358.0	39654.0	40393.0	41922.0	47347.0	46257.0	51485.0	48712.0	49269.0	51741.0	47342.0	48756.0	47123.0	46861.0	49229.0	55437.0	56574.0	65405.0	70388.0	72730.0	85507.0	103755.0	180715.0	1104162.0	18486039.0	207383468.0
	20	21	22	23	24	25	26	27	28	29	30	31	32	33	34	35	36	37	38	39	40	41	42	43	44	45	46	47	48	49	50	51
5_1	345.0	508.0	766.0	1158.0	1900.0	2995.0	4015.0	4334.0	4422.0	3966.0	3971.0	4523.0	4463.0	4484.0	3544.0	2777.0	2831.0	3153.0	5079.0	8557.0	11718.0	14911.0	14283.0	17427.0	39282.0	103265.0	310875.0	1143926.0	3773794.0	11128359.0	24616053.0	18396017.0
	20	21	22	23	24	25	26	27	28	29	30	31	32	33	34	35	36	37	38	39	40	41	42	43	44	45	46	47	48	49	50	51
5_2	7928.0	8294.0	7605.0	6483.0	5559.0	5351.0	6179.0	6461.0	6874.0	7096.0	7180.0	7144.0	5483.0	5789.0	5983.0	6534.0	6525.0	7386.0	7571.0	9495.0	12581.0	15172.0	16850.0	25022.0	44350.0	118192.0	329728.0	1154835.0	3682109.0	9596091.0	24768400.0	19737451.0

